   2.0078170e+03   2.0079725e+03   4.2175314e+00   4.1220205e+00
   2.0100846e+03   2.0096558e+03   4.2480496e+00   4.1456301e+00
   2.0111339e+03   2.0102708e+03   4.3310543e+00   4.2334193e+00
   2.0122398e+03   2.0118432e+03   4.2254121e+00   4.1264599e+00
   2.0101053e+03   2.0099346e+03   4.2830678e+00   4.1889161e+00
   2.0095286e+03   2.0100560e+03   4.2472289e+00   4.1599056e+00
   2.0127635e+03   2.0117752e+03   4.2470732e+00   4.1380516e+00
   2.0101213e+03   2.0100470e+03   4.2991635e+00   4.1999262e+00
   2.0094603e+03   2.0101235e+03   4.4005392e+00   4.3025596e+00
   2.0087645e+03   2.0091118e+03   4.3406695e+00   4.2433908e+00
   2.0097185e+03   2.0096334e+03   4.1857822e+00   4.0879843e+00
   2.0098199e+03   2.0100084e+03   4.3574587e+00   4.2599269e+00
   2.0104837e+03   2.0101764e+03   4.2585910e+00   4.1619230e+00
   2.0108319e+03   2.0110726e+03   4.2336046e+00   4.1377881e+00
   2.0100622e+03   2.0090635e+03   4.2948199e+00   4.1904300e+00
   2.0099960e+03   2.0101014e+03   4.2901615e+00   4.1925909e+00
   2.0080475e+03   2.0086824e+03   4.3101351e+00   4.2130243e+00
   2.0103947e+03   2.0105373e+03   4.1756947e+00   4.0718314e+00
   2.0101145e+03   2.0102111e+03   4.2090507e+00   4.1162697e+00
   2.0100086e+03   2.0099836e+03   2.1022763e-01   2.0543227e-01
