   6.3619626e+02   5.1142180e+02   7.8204883e+00   8.9719810e+00
   6.4183428e+02   5.1320099e+02   7.8021818e+00   8.8027540e+00
   6.3839256e+02   5.1399032e+02   7.8645377e+00   9.0750616e+00
   6.4250527e+02   5.1569920e+02   7.9116353e+00   8.9397280e+00
   6.4318560e+02   5.1939067e+02   7.9251636e+00   9.0956734e+00
   6.3724169e+02   5.1437997e+02   7.6504460e+00   8.9260771e+00
   6.4427193e+02   5.1136327e+02   8.0935241e+00   8.8997566e+00
   6.4181140e+02   5.1269388e+02   8.0000559e+00   9.0048933e+00
   6.3946911e+02   5.1269350e+02   8.0151952e+00   9.1923352e+00
   6.4025798e+02   5.1012344e+02   7.8935690e+00   8.9418707e+00
   6.4095025e+02   5.1167689e+02   7.9302941e+00   8.8898081e+00
   6.3750346e+02   5.0951773e+02   7.9530860e+00   9.0926082e+00
   6.3952544e+02   5.1354041e+02   7.7688829e+00   8.9089145e+00
   6.4206440e+02   5.1183390e+02   7.7790739e+00   8.7598735e+00
   6.3956563e+02   5.1217708e+02   7.9476971e+00   9.0116533e+00
   6.4282318e+02   5.0559551e+02   7.9627635e+00   8.8019963e+00
   6.4094030e+02   5.1040922e+02   7.8465977e+00   8.8574008e+00
   6.4032943e+02   5.1065016e+02   7.9008293e+00   8.8218407e+00
   6.4028220e+02   5.1253996e+02   7.8253426e+00   8.8903742e+00
   6.4010668e+02   5.1227865e+02   3.8597959e-01   4.3884493e-01
