   2.3603209e+02   2.7045494e+02
   5.7482463e+02   2.6129173e+02
   5.8577534e+02  -7.2114153e+01
  -9.8600275e+01   3.2624938e+02
   5.6382649e+02   3.0744143e+02
   4.2309202e+02   4.2237026e+02
   3.5303510e+02   1.4916619e+02
   3.3985543e+02  -8.1658794e+01
   4.7692453e+02   4.4502733e+02
   1.9419539e+02  -3.1629089e+01
   3.3906333e+02   5.0526586e+02
   5.4986294e+02   5.0878486e+02
   5.4655671e+02   5.1342654e+01
   1.0942954e+02   8.7363949e+01
   3.1980092e+02   4.6033583e+02
   4.9158212e+02   4.7722630e+02
   4.1656892e+02   3.0249405e+02
   6.0793334e+02   3.9248822e+02
   5.0728901e+02  -4.3232309e+02
   2.9196854e+02   3.1274963e+02
   5.9354773e+02  -2.3074740e+02
   6.1287215e+02  -3.1461761e+02
   3.5514068e+02   3.7810705e+02
   3.1022959e+02   1.5550275e+02
   5.4447905e+02   2.1196814e+02
   3.5051756e+02   7.6464771e+01
   4.0761475e+01  -1.4440285e+02
   2.5865160e+02   3.3704082e+02
   4.0371591e+02   4.5944273e+02
   2.4382269e+02   3.3896588e+02
   2.6200074e+02   6.5409876e+01
   3.6255247e+02  -3.2267680e+00
   2.0450070e+02   4.3508684e+02
   6.0643233e+02   1.9203121e+02
  -2.4807049e+01   3.1317309e+02
   5.5953431e+02   2.0575731e+02
   1.0974020e+02   2.8301518e+02
   4.9329936e+02  -4.3961777e+00
   3.5752540e+02   3.2990303e+02
   2.1045661e+02   1.7530141e+02
   2.9563344e+02   4.4454533e+02
   5.6099801e+02   3.0271717e+02
  -2.4859539e+01  -9.8204064e+01
   5.2799065e+02   2.1316274e+02
   4.2745105e+02  -2.5706789e+01
   5.3914361e+02   2.2465624e+02
   4.3739074e+02   1.7071668e+02
   2.4862333e+02   8.4130910e+01
  -1.1523372e+01   2.1579193e+02
  -2.4780988e+02   4.7295594e+02
   2.4803790e+02   4.5646053e+02
   3.2418206e+02   5.6992006e+01
  -9.4833795e+01   3.9585938e+01
   4.6388817e+02  -2.2162471e+02
   5.1447591e+02   3.4090422e+02
   1.1590284e+02  -2.6885369e+02
   5.7727831e+02   1.3961116e+02
  -1.8285826e+02   4.4585094e+02
   6.3813283e+02   3.1299357e+02
   5.9665488e+02   5.7666375e+01
   4.4812753e+02   4.1552404e+02
   2.3877046e+02   4.0312512e+02
   2.5290348e+02   1.3411995e+02
   3.9836836e+02   2.0455729e+02
   2.4186295e+01  -1.7173689e+02
   3.9701582e+02   4.9985382e+02
   2.2126240e+02  -3.8852456e+01
   3.3777397e+02   3.2629004e+02
   5.5390392e+02   2.2500557e+02
   4.0283558e+02   4.8101532e+02
   6.1709438e+01   3.2184901e+01
   6.3222382e+02   4.3969551e+02
   9.5004068e+01   1.1271729e+02
   2.9829121e+02   2.7878339e+02
   5.1230895e+02   4.5864337e+02
   3.5594328e+02   6.0323310e+01
   5.0285493e+01  -2.4020497e+02
   4.2398342e+02   1.7076439e+02
   5.7269143e+02  -1.3180955e+01
   2.5966556e+02   2.8814679e+02
   4.5387550e+02   1.0030795e+02
   5.5308729e+02   3.9026188e+02
   1.5178021e+02  -1.6558754e+00
   4.9241949e+02   2.3669657e+02
   5.7519599e+02   4.5295460e+02
   3.6864803e+02   1.3614975e+01
   2.5989852e+02  -1.7658319e+01
   3.9412314e+02   3.3084587e+02
   3.8801421e+02   4.8901174e+02
  -1.1126062e+01  -3.4926825e+01
   3.3113497e+02   2.7310117e+02
   5.9611107e+02   2.4231992e+02
   2.3888579e+02   7.5642753e+01
   1.5981271e+02   9.3143183e+01
   2.7547817e+02   2.0164339e+02
   3.7726944e+02   3.0685345e+02
   6.3440181e+02  -6.0422692e+01
   4.3708305e+02   1.2002814e+01
   3.0751650e+02   2.1332881e+02
   3.3666837e+02  -6.8624263e+01
   7.9935487e+01   3.2782464e+02
   4.2444231e+02  -1.0862420e+02
   3.0977812e+02   5.9238684e+01
   4.9993777e+02   1.9529651e+02
   5.1561369e+02   1.3375786e+02
   3.0493330e+02   3.3488787e+02
   2.5864859e+02   3.0767623e+02
   1.5389903e+02   1.8298998e+02
   2.3973193e+02   5.8716988e+00
   9.6623344e+01  -4.0607519e+01
   4.0507679e+02   1.5687729e+02
   6.0866161e+02   3.0186298e+02
   5.9698033e+02   2.1720233e+02
  -1.2811978e+02   4.8757075e+02
   4.7718348e+02   3.4854916e+02
   4.7041780e+02  -3.2685801e+02
   4.8298126e+02   3.6371773e+02
   5.5679822e+02   4.5711712e+02
   5.9950653e+02  -3.9681049e+02
   4.5987208e+02   2.3605405e+02
   2.9892579e+02   6.1294544e+01
   4.1479770e+02   4.9577297e+02
   1.0652055e+02  -1.1470727e+02
   6.0919200e+02   1.5360224e+02
   3.4340444e+02   2.7423227e+02
   1.5705416e+02   3.2320671e+02
   8.3644227e+00  -2.4551708e+02
   8.2031331e+01   3.3029101e+02
   4.7745195e+02   1.7406582e+02
   2.0739514e+02   1.4909924e+01
  -1.5161480e+02   2.7528153e+01
   5.0536978e+02   3.0606480e+02
   2.7728318e+02   4.1646471e+02
  -1.3146185e+02  -7.3678003e+01
   3.6862992e+02   2.2475545e+02
   4.6174478e+02   6.1651626e+01
   2.2684740e+02   3.6003607e+02
   4.4906790e+02   2.4952208e+02
   4.1811588e+02   4.9797929e+02
   2.7351706e+02   1.0095213e+02
   2.2330625e+02   4.6209469e+02
   3.9733262e+02   3.8702538e+02
   2.5362746e+02   2.3583779e+02
   9.5038905e+01   4.3604671e+02
   3.9702482e+02  -4.5252527e+01
   5.6849761e+02   2.3721729e+02
   6.2175483e+02   4.1458550e+02
   1.3807243e+02   3.8003913e+02
   6.1906949e+02   2.7092034e+02
   4.8788519e+02  -7.8655470e+01
   2.1615134e+02   8.9010059e+01
  -5.2328335e+01   4.8935368e+02
   1.4864848e+02   4.8594597e+02
   3.0901965e+02   6.8710840e+01
   6.2045266e+01   1.9568649e+02
   4.2989313e+02   3.3625396e+02
   1.3537492e+02   1.2005151e+02
   3.0932370e+02  -1.7344424e+01
   3.3424952e+02   1.8555772e+02
   4.9700843e+02   2.4699855e+02
   2.0685289e+02   3.5114187e+02
   5.8324671e+02  -9.8875370e+01
   5.1947040e+02  -8.3432566e+01
   2.8137550e+02   3.5132164e+02
   1.8387743e+02   1.9172239e+02
   4.1468781e+02   1.9864039e+02
  -1.1609079e+01  -2.3986815e+01
   4.0044698e+02   5.0536692e+01
   4.6064049e+02   2.7457441e+02
   3.9105636e+02   3.0457941e+02
   3.2664186e+02   3.7591269e+02
   8.4852666e+01   5.0116707e+02
   4.3361758e+02   2.7473489e+02
   2.8925754e+02   2.2711608e+02
   4.8130777e+01  -1.4027673e+02
   2.3273640e+02   1.8872876e+02
   4.3354397e+02   3.0105274e+02
   2.1526951e+02   1.4873378e+02
   3.1892389e+02   1.5162903e+02
   2.2663119e+02   2.3053834e+02
  -1.2039016e+02  -6.5569739e+01
   6.2798073e+02   2.9939937e+02
  -7.4444001e+01   1.6848850e+02
   2.7989424e+01   9.3699028e+01
   2.9650285e+02  -5.0719130e+01
   5.2822517e+02   9.8842688e+00
   1.7417678e+02   3.0298738e+02
   3.4530984e+02   2.9737265e+01
   4.9783789e+02  -4.6307932e+01
   4.5202761e+02   4.2872365e+01
   3.8317516e+02  -4.3458408e+02
   3.8628190e+02  -2.0460116e+02
   3.9808181e+02   1.6061387e+02
   6.1457562e+02   2.8357044e+02
   4.2782702e+02  -2.5740368e+02
   3.2484527e+02   1.1665000e+01
   4.5600133e+02  -2.1159049e+01
   4.5450105e+02   7.9749079e+01
   3.3576104e+02  -3.2659040e+02
   3.7135602e+02   4.2579121e+02
  -8.7272773e+01  -3.2653115e+02
   1.8330496e+02   3.0016174e+02
   5.2253161e+02   2.6847515e+02
   4.7859052e+02   4.0098680e+02
   5.2738561e+02   5.0331059e+02
   2.6902981e+02  -2.1593210e+02
   7.1528338e+01   1.9998935e+02
   5.0298385e+02   6.9567962e+01
  -2.1457222e+02  -5.4018507e+01
   3.4375430e+02   4.9911856e+02
   3.3970989e+02  -3.1487727e+01
   5.7190789e+02   1.9510465e+02
   2.0116907e+02  -2.3052295e+02
   3.2985106e+02   2.6903779e+02
   3.8532153e+02   1.1259173e+01
   5.1901986e+02   1.0014414e+02
   3.8331711e+02   3.6800904e+02
   6.1068409e+02   2.8647134e+02
   2.0658629e+02   1.6581816e+02
   6.1264057e+02   1.7691940e+02
   6.3406552e+02   2.6576534e+02
  -7.8581274e+00  -1.5607908e+02
   3.2062226e+02   1.5486058e+02
   2.0612573e+02   8.9932592e+01
   5.5236192e+02  -1.2890234e+02
   3.1823140e+02   1.2912771e+02
   1.6493239e+02   9.5316710e+01
   6.1938640e+02   5.0830405e+02
   3.3157727e+02   1.9923006e+02
   5.8112783e+02   2.7828345e+01
   2.6843306e+02   1.4894910e+02
   6.0604602e+02   2.3962371e+02
   4.0955784e+02   5.0421320e+02
   4.5547420e+02   1.1393372e+02
   6.2097350e+02   4.1485320e+02
   1.8658937e+01   1.9928580e+02
   1.8336282e+02  -2.1757725e+02
   3.8787128e+02   1.9325741e+02
   4.6651250e+02   5.0102868e+02
   5.9957647e+02   1.0430981e+02
   5.1971714e+02  -1.1562684e+01
   2.3907263e+02   2.2205706e+01
   3.8589937e+02  -2.2334936e+01
   2.3467717e+02  -7.3297001e+01
   3.5898055e+02   4.4923221e+02
   4.3259845e+01   9.2849295e+01
   1.7571889e+02   1.9844701e+02
   2.0303009e+02   2.8399215e+02
   2.2727161e+02   3.4157458e+02
   5.1170705e+02  -6.7278404e+01
   9.4150191e+01  -1.8696856e+02
   3.4973770e+02  -1.0416223e+02
   5.6019615e+01   2.9566746e+02
   6.1898398e+02   4.7296539e+02
   9.5149303e+01   2.4579799e+02
   2.7316809e+02   3.7459332e+02
   6.1348138e+02   8.6387288e+01
   2.5732093e+02  -3.7532884e+01
   1.2556154e+02  -1.9081941e+02
   9.4856977e+00   4.7662275e+02
   1.7501849e+02   3.4415219e+02
  -1.4687781e+01   1.9990563e+02
   2.5842290e+02   4.9514239e+01
   1.5543081e+02  -2.0145877e+02
   4.3580698e+02   5.0536438e+02
   7.4803186e+01   4.0431894e+02
   5.7396453e+02   5.4391973e+01
   2.1846759e+02   1.7245092e+02
   4.3923574e+01   8.3344551e+01
   3.9465958e+02   2.5069549e+02
  -1.8465315e+02   8.4480420e+01
   2.6531503e+02   1.9323867e+02
   5.6471965e+00  -3.0055829e+01
   2.5915280e+02   4.9755688e+02
   5.1362546e+02   1.0561614e+02
   3.4311814e+02   4.0330697e+02
   6.1916110e+01   3.5707122e+01
   5.6701982e+02   4.7529718e+02
   3.3999129e+02  -3.2227822e+01
   1.4375315e+02   1.0844925e+02
   5.3582167e+02   2.8507747e+02
   4.9232301e+02   2.4193673e+02
  -1.0798671e+01   2.9394104e+02
   5.7574289e+02   3.6486762e+02
   3.5534312e+02   3.2969696e+02
   2.3234829e+02   2.6763542e+02
   5.1817709e+02   1.6853405e+02
   5.5830743e+02   4.7760527e+02
   4.8308735e+02   3.3748499e+02
   2.0018925e+02  -8.7092541e+00
   1.6300164e+02   2.1570415e+02
   6.8920103e+01  -2.6597205e+02
   5.4335394e+02   3.6466571e+02
   2.9544428e+02   2.7176010e+02
   3.2664098e+02   2.3109826e+02
   2.9535673e+02   2.4942825e+02
   6.0631629e+02   4.7339725e+02
  -4.7301359e+01   3.4627950e+02
   4.5938207e+02   3.9610953e+02
   2.4653925e+02   4.9885101e+02
   5.5207258e+02   1.8632144e+02
   2.2290186e+02   4.6491541e+02
   4.0539176e+02   1.4129572e+02
   2.0518027e+02   4.4762489e+02
   5.5874921e+02   3.5249088e+02
   3.5044397e+02   4.5166586e+02
   4.2311656e+02  -1.0498327e+01
  -1.9426214e+02   1.8430884e+02
   1.6447285e+02   2.5599686e+02
   5.2952786e+02   3.7142311e+02
   5.5765556e+02   6.6612152e+01
   5.2835182e+02  -5.9502877e+01
   8.6735947e+01   1.1214001e+02
   6.3039288e+02   5.5130422e+00
  -1.5784038e+02  -2.3911554e+02
   5.6125556e+02   1.0047410e+02
   4.0327597e+01  -8.5698211e+01
   4.9215834e+02   2.7308355e+02
  -1.7458774e+02   3.2458114e+02
   2.7865113e+02   1.2145251e+02
   6.2414673e+02  -2.4385606e+01
   2.6797244e+02   3.4208041e+02
  -3.2168779e+00  -1.5835286e+02
   4.4312427e+02   1.7507639e+02
   1.3867139e+02   1.5828644e+01
   7.6881149e+01   4.0662723e+00
   2.7215251e+02   4.0372371e+02
  -4.4849326e+01   1.9375319e+01
   5.7601985e+02   3.3580312e+02
   5.8694744e+02  -1.5145998e+02
   4.4012678e+02  -1.5443973e+02
   6.2077194e+01   3.3204243e+02
   3.4857293e+02   4.7417069e+02
   2.8658198e+02  -2.8963564e+01
   1.5127120e+02   3.8716971e+02
   2.0326622e+02   2.0359779e+02
   3.1433872e+02  -3.0833620e+01
  -1.4204848e+02   3.8074050e+02
   1.6318416e+02   3.9197989e+02
   5.3950432e+02   1.2095287e+02
   3.0553140e+02   2.6984103e+02
   3.8485658e+02   2.5475711e+02
   3.3290502e+02  -1.1502660e+02
   1.5394828e+02   1.7430119e+02
  -1.2707185e+02   2.1263490e+02
   5.7342828e+02   8.1459111e+01
   7.0204160e+01   1.4934670e+02
   6.0438658e+02   3.9445856e+02
   4.8135477e+02   3.9887439e+02
   2.7852694e+02   4.1157280e+02
   2.6897862e+02  -2.1908946e+02
  -1.1884384e+02  -2.1561283e+02
   3.5113150e+02   5.0271499e+02
   5.4958505e+02   7.7009635e+01
   3.9096416e+02   4.8877778e+02
   3.0633254e+02   4.9933414e+02
   4.9553044e+02   9.3476550e+01
   1.8622768e+02  -7.1668294e+01
   2.9320400e+02   3.3977061e+01
  -1.0689349e+02   5.3206097e+01
   2.4256225e+02   4.0099010e+02
   2.1346770e+02   3.2426932e+02
   3.5264815e+02   3.7489951e+02
   5.0268830e+02  -2.0303182e+02
   2.5599210e+02  -1.4698476e+02
   5.0065838e+02  -1.2736796e+01
   3.1750950e+02   2.2759697e+02
   2.7540549e+02   3.1339276e+02
   4.3140492e+02   3.2167790e+02
   1.2630979e+02   3.8463019e+02
   3.0231135e+02   1.4439789e+02
   5.9724257e+02   2.3273124e+02
   1.7288704e+02   3.0810189e+02
   3.8569085e+02   6.0933957e+01
   5.5731082e+02   3.4404236e+02
   5.9066268e+02   4.2316283e+02
   3.7599443e+02   2.4276178e+02
   6.1649092e+02   1.2984397e+01
   2.9995491e+02   5.1896464e+01
   4.1267759e+02   8.4590771e+01
   4.3874613e+02  -4.5699767e+01
   4.7944248e+02   2.6443862e+02
   6.1628244e+02   3.3630169e+02
   1.3758716e+02   3.5066747e+02
   2.8407650e+02   3.3416896e+02
   1.4996143e+02   4.4137187e+02
   5.2312179e+02   4.4258770e+02
   5.3907521e+02   1.6866189e+02
   3.7357406e+02  -3.1146639e+02
   2.3362434e+02  -1.4716794e+02
   5.0126579e+02   4.6216136e+02
   4.2915118e+02   1.7374189e+01
   1.7860422e+02   1.3584079e+02
   4.6258338e+02   4.6737451e+02
   4.0978161e+02  -5.0406126e+01
   4.4828336e+02   3.6635736e+02
   3.7416548e+02  -1.3274188e+02
   3.1875140e+02   4.4828091e+02
   3.9866858e+02   4.4989450e+02
   3.2679994e+02   3.4947605e+02
  -9.3340782e+01  -2.0949826e+02
  -6.8078337e+01   1.7917110e+02
   4.3720494e+02   4.6609506e+02
   4.2573429e+02   4.6257035e+02
   5.0521993e+02   1.8335596e+02
  -9.7121907e+01   4.9523185e+02
   1.8938315e+02  -3.4366186e+02
   5.0769019e+02  -9.9489474e+01
   3.6638672e+02   3.3903451e+01
   4.0725808e+02   4.5507573e+02
   4.8062235e+02   2.8534998e+02
   2.2964391e+02   3.2859709e+02
   1.9323565e+02  -1.5556608e+02
   1.7978848e+02   2.2076497e+02
   2.5448462e+02   1.2596894e+02
   1.3550132e+02   3.9285073e+02
   6.0387748e+02   3.6167605e+02
   5.4369184e+02  -2.5102856e+02
   6.3719436e+02   3.0859106e+02
   7.1951588e+00  -2.0581197e+02
   3.0212115e+02   2.1278341e+02
   1.8995595e+02  -5.8189194e+01
   5.0668468e+02   1.7111012e+02
   8.2179146e+01   9.1320917e+01
   2.9987226e+01  -1.1468054e+02
   5.9719611e+02   4.9706884e+02
   5.8317640e+02   2.7913808e+02
  -1.5863296e+02   3.4039799e+02
  -7.8403810e+00   2.8799465e+01
   5.9270699e+02   2.6207154e+02
  -2.7654206e+01   2.0253988e+02
   2.1881825e+02   9.0410480e+01
   1.9869653e+02   2.6238856e+02
   4.8316905e+02   6.0873790e+01
   2.4998247e+02   2.0941817e+02
   4.1730153e+02   2.3419231e+02
   3.8140045e+02   2.2221812e+02
  -7.5550716e+01  -1.8961438e+02
   3.2184533e+02   3.3217964e+02
   5.4655536e+02   4.8552909e+02
   3.3043295e+02   4.8008575e+02
   3.8133055e+02   2.2420746e+02
  -2.2578638e+02  -1.2445399e+02
   4.1176078e+00   7.1420448e+01
   5.8840462e+02   1.4987394e+02
   5.2707871e+02   4.2702652e+02
   4.1135676e+02   9.9828967e+01
  -1.0126975e+02   3.9626524e+02
   4.7350519e+02   4.3182653e+02
   1.4869069e+02   1.5614851e+02
  -2.5478539e+02   2.9017733e+02
   5.4523411e+02   1.6417803e+02
   1.1991069e+02   2.7098013e+01
  -3.6920019e+01  -8.3376635e+01
   2.7787903e+02   3.3726546e+02
   4.2134537e+02  -2.8703108e+02
   2.9574463e+02   4.8164038e+02
   3.6229574e+02   4.1448869e+02
   2.9459731e+02   4.4388293e+02
   4.3066972e+02   1.2195111e+02
   3.0092724e+02   1.0202973e+02
   4.3341843e+02   1.2150216e+02
   4.1966312e+02   4.9114173e+02
   3.5060675e+02   4.3462473e+02
   6.1600668e+02   4.8819463e+02
   3.2705703e+02   1.4551604e+02
   1.2808269e+02   6.0133701e+01
  -5.7075580e+01  -2.6294394e+02
   5.6903504e+02   4.4618336e+01
   2.3852308e+02   2.4310059e+02
   6.3126157e+02   2.4277476e+02
   4.2561562e+01   1.2997358e+02
  -1.8105201e+02  -9.4873201e+00
   1.3793980e+02  -7.7653733e+01
   1.5284404e+02   2.1791180e+02
   3.1347358e+02   3.1764426e+02
   3.4699928e+02   2.4997510e+02
   1.5304020e+02  -1.0763281e+02
   4.0560965e+02  -1.7044556e+02
   5.8475733e+02  -2.7108819e+02
   1.6923502e+02   3.6773194e+02
  -1.6867139e+02   4.5001052e+02
   1.8632735e+02   4.1853884e+02
   4.8455766e+02   4.7994337e+02
   2.4075530e+02  -4.3802750e+01
   5.3081734e+02   6.5538208e+01
   3.1100511e+02  -5.9721081e+00
   1.7792569e+02   4.0621173e+02
   1.8107806e+02   2.7988542e+02
   1.1015286e+02   4.0592148e+02
   1.0541404e+01  -3.8643956e+02
   4.8175001e+02   4.2981084e+02
   2.6093299e+02   2.3443843e+02
   5.1953584e+02   4.4574420e+02
   6.0330478e+02   3.0038176e+02
   4.6491387e+01   9.7810592e+01
   2.5172628e+02   1.1700145e+02
   6.3622729e+02   3.6121390e+02
   3.0216462e+02  -1.2312461e+02
   3.7980294e+01   2.3247962e+02
   4.4442542e+02   5.0784839e+02
   1.3295016e+02   3.6742583e+02
   2.5420700e+02   3.3342819e+02
   7.2830936e+01   4.4667673e+02
   5.6622371e+02   3.2582105e+02
   5.8736972e+02   4.5712705e+02
  -1.8960783e+01  -6.2307007e+01
   1.3916388e+01   4.0618674e+02
   5.8149365e+02   3.9532573e+02
   5.7962898e+02   3.8120102e+02
   3.3566715e+01   3.2809205e+02
   4.8724791e+02  -1.2166757e+02
   2.9258392e+02   1.1753152e+02
   1.6778187e+02   1.4629709e+02
  -1.0770042e+02  -5.2487285e+01
   4.6864365e+02   4.3660640e+02
   1.6130814e+02   8.0381490e+01
   2.5632630e+02   2.6253513e+02
   1.4534894e+02   1.3685552e+02
   4.2318252e+02   1.6093687e+02
   1.5520810e+02   4.5464193e+02
   3.1355301e+02  -2.5687634e+02
   4.9482910e+02   4.4115931e+02
   4.3615140e+02   4.8427152e+02
   3.0314494e+02   3.4139770e+02
   4.1769108e+02   1.2262158e+02
   3.4606769e+02   1.5463006e+02
   4.8159979e+02   4.8062225e+02
   5.6641590e+02   3.1629470e+02
   6.0492138e+02   4.9723622e+02
   2.6519924e+02   1.5800930e+02
  -2.6533836e+01   6.1709692e+00
   4.2125748e+02   3.0201583e+02
   2.9435894e+02   4.9804496e+02
   1.1580810e+02   3.9749842e+02
   2.5581804e+02   5.1052435e+02
   5.9445036e+02   5.0469020e+01
   1.3527317e+02   4.3829538e+02
   4.8689192e+02  -2.2435504e+01
   4.4624291e+02   2.6902564e+02
   1.9287552e+02  -2.2483678e+01
   2.6161279e+02   1.2733356e+02
   3.7670767e+02   6.4276316e+01
   2.8637304e+02   2.8139059e+02
   3.3000980e+02   5.1078628e+02
   1.2479837e+02   2.6318509e+02
   4.3032049e+02   3.2428722e+02
   4.0586742e+02  -2.3701766e+01
   1.9373177e+02  -4.3387758e-01
   4.8518967e+02   5.0323249e+01
   4.3483389e+02   1.7793871e+02
   4.0084903e+02   1.2886976e+02
   2.6690435e+02   1.8741718e+02
   5.9922007e+02   5.0239834e+02
   4.6502941e+02   4.2819257e+02
   4.9380141e+02   3.6331017e+02
   5.6623584e+02  -3.2042453e+02
   6.1087925e+02   2.6498211e+02
   2.1449114e+02   8.1496080e+01
  -1.0764555e+02   2.9052387e+02
   2.4363479e+02   3.4877105e+02
   1.6397622e+02   4.5090221e+00
   1.2421527e+02  -1.4210733e+02
   5.1797889e+02   1.5534532e+02
   4.6652220e+02   6.3333910e+01
   3.5743269e+02   5.1852231e+01
   8.3707029e+01   4.3323873e+02
   3.2894137e+02   3.2942841e+02
   5.7941639e+02   3.4277278e+02
   1.1730248e+02   5.0208691e+02
   1.6657020e+02   1.6751369e+02
   4.7701386e+02  -2.3944537e+02
   1.3176840e+02  -1.1448313e+02
   2.1313171e+02   3.2143773e+02
   2.1434833e+02  -9.4983836e+00
   2.3692355e+02   4.0503349e+02
   1.9707487e+02  -2.9791953e+00
   5.5242798e+02   1.2986382e+02
   5.6069948e+02  -1.7470395e+02
   5.9019905e+02   3.8363032e+02
   2.6660900e+02   2.3749078e+01
   3.3985494e+02   1.5709993e+02
   4.5726752e+02   3.5350908e+00
   5.5313602e+02   6.9103274e+01
   2.2823658e+02   3.6750749e+02
   9.7491333e+01   2.0312072e+02
   3.7717916e+02   3.8787549e+02
   3.3123876e+02  -7.3847821e+01
   3.5142263e+02   3.5073004e+02
   8.5512410e+01   4.3221462e+01
   5.1447475e+02   1.4278807e+02
   4.3886459e+02   1.7547282e+02
   6.1475228e+02   2.7669581e+02
  -2.1799897e+02   1.4357508e+02
   3.8136078e+02   1.3004860e+02
  -1.2127136e+02  -2.6380378e+02
   4.5776230e+02   6.7094336e+01
   4.4753438e+02   4.8107851e+02
   3.8471434e+02   4.3006259e+02
   4.9322878e+02   2.6309974e+02
   6.0514400e+02   4.4657407e+02
   1.2357415e+02   1.1842817e+02
   1.1977924e+02   5.0024766e+02
   2.3484303e+01   1.7213157e+02
   4.6132880e+02   1.5502719e+02
   6.1266886e+02  -1.8782118e+02
   4.0398070e+02   2.5902752e+00
  -1.6205455e+02   1.6459446e+02
   4.1820562e+02   6.4821370e+01
   1.9380805e+02  -4.2946208e+01
   1.1252574e+02  -3.5514854e+01
   4.1242553e+02   3.3298292e+02
   2.1776299e+02  -1.6964451e+02
   3.8026290e+02   5.3736818e+01
   1.2534145e+02   4.6324955e+02
   2.3573469e+02   7.1065851e+01
   1.1617978e+02   1.5988172e+02
  -1.9286240e+01   1.3723541e+02
   3.6647883e+02  -7.0907371e+01
   2.0562373e+02   1.9868229e+02
   1.8343342e+02   3.2984531e+02
   3.2220269e+02   4.2252799e+02
   2.9837550e+02   3.5625682e+01
  -1.0822903e+02  -2.4024674e+02
   3.1391908e+02   4.3282763e+02
   2.6825558e+02   1.9114242e+02
   4.5838344e+02  -3.8468757e+01
   1.5179456e+02   4.6130521e+02
   4.5360896e+02   1.3648581e+02
   2.1057649e+02  -2.0673821e+02
   6.3447664e+02   2.8329540e+02
   5.5380643e+02   3.8289022e+02
   1.9773374e+02   4.2117803e+02
   1.5262028e+02   4.6823285e+02
   4.1819384e+01  -7.1618920e+01
   2.5575645e+02  -1.2600374e+02
   3.4741635e+02   1.1665974e+02
   3.4926685e+02   4.0423315e+02
   1.0839822e+02   4.2545462e+01
  -1.5137451e+02   4.7720964e+02
   5.8430849e+02   4.7741079e+02
   4.4424054e+02   1.1928525e+02
   5.2942190e+02   1.5740664e+02
  -9.5004343e+01  -2.3012712e+02
   5.0086631e+02  -1.1286879e+01
   5.5944622e+02   2.1071888e+02
   6.3345379e+02   3.6363143e+02
   4.1207642e+02   3.0969453e+02
   2.6952412e+02   3.7713069e+02
   3.4083417e+02   1.8264702e+02
   2.6635244e+02   4.0352734e+02
   4.8592921e+02  -2.0082493e+02
   3.9305558e+02   5.0781836e+02
   2.1470304e+02  -3.1301558e+02
   4.1349924e+02   2.5803368e+02
   1.7583516e+02   3.6174747e+02
   5.6229078e+02   3.7889812e+02
   2.0484391e+02  -1.0371466e+02
  -1.5063740e+02   3.5572143e+01
   4.7510942e+02   1.2170520e+02
   4.9847741e+02   3.8926666e+02
   4.3344980e+02  -1.3151484e+02
   1.2175849e+02   4.1636048e+02
   2.4663261e+02   2.3944944e+02
   2.7453219e+02   3.7180700e+02
   3.9011532e+02   2.9419057e+02
   4.5212221e+02   2.9493823e+02
   6.2403585e+02   3.0033097e+01
   4.4950384e+02   3.2157006e+02
   3.8662861e+02   4.2644529e+02
   5.0801694e+02   5.0994228e+02
   5.8137630e+02   9.9613602e+01
   8.7182620e+01  -2.2216575e+02
   1.1064639e+02   1.2386551e+02
  -4.3574999e+01  -8.2117682e+01
   1.8904971e+02   2.7253345e+02
   3.4998036e+02   2.0907555e+02
   1.7484135e+02   2.1426427e+02
   3.6495217e+02   2.0954920e+02
   3.3818284e+02   2.2354129e+02
   4.8740827e+02   3.7873627e+02
   2.1373720e+02   1.5784583e+02
   5.2271684e+02   3.4336562e+02
   4.3283373e+02   3.9512640e+02
  -5.0184254e+01  -1.5305970e+02
   2.7563972e+02   1.5715248e+02
   5.4363130e+01   4.8049133e+02
   3.4954381e+02   3.7346791e+02
   2.5181148e+02   3.6812344e+02
   6.1704462e+02   2.9304541e+02
   5.4279561e+02   2.9471214e+02
   1.7142972e+02   1.0279159e+02
   3.0690612e+02   4.6781800e+02
   1.4285370e+02   7.9394718e+01
   4.5488802e+02  -3.4674052e+02
   4.8096526e+02   2.0994295e+02
   5.2946544e+02  -3.4824370e+01
   4.5630482e+02   1.3953211e+02
   3.2867725e+02  -5.7778107e+01
   5.0228708e+02  -2.4124489e+02
   6.0836755e+02   1.4296180e+02
   4.2191107e+02   8.2009240e+01
   1.4114390e+02   2.2544465e+02
   6.0412836e+02   5.7414267e+00
   5.5910995e+02   4.8329800e+02
   1.7175243e+02   1.6443807e+02
   1.6245923e+02   1.3522104e+02
   4.5785146e+02   4.1376618e+02
   1.0596339e+02   1.6688743e+02
  -1.4310960e+02   1.1081492e+02
   2.8552467e+02   4.8193281e+02
   3.3878392e+02   1.7570505e+02
   3.2903340e+02   3.1616334e+02
   2.0436114e+02   5.7296896e+01
   4.3043758e+02   4.5136356e+02
   1.5282599e+02   3.4250446e+02
   1.6483050e+02   3.5616259e+02
   6.1954043e+02  -2.1511619e+02
   2.8012677e+02  -4.5749902e+01
   4.7623934e+01   8.4584857e+01
   3.5009567e+02   3.0972761e+02
   6.3531562e+02  -2.3931031e+02
   4.9162192e+02   1.6303521e+02
   2.2574176e+02   5.0456136e+02
   9.3117114e+01   4.0153206e+02
   2.5694458e+02   1.7612208e+02
   1.5888576e+02   4.3581751e+02
   3.2900312e+02   4.9544314e+02
   6.0557911e+02   4.2188342e+02
   5.0902344e+02   1.4037314e+02
   2.1165014e+02   3.7555898e+02
   1.9155662e+02   2.8228720e+02
   1.1775222e+02  -9.1014005e+01
   5.3520018e+02   8.1089395e+01
   1.4225292e+02   7.5417861e+01
   5.0110853e+02   4.1373884e+02
   3.8241740e+02   1.7030881e+02
   4.7246887e+02   2.7437791e+02
   3.3521795e+02   9.0185442e+01
  -1.4900427e+01  -3.2394381e+02
   3.2555744e+02  -1.6010377e+02
   4.5611305e+02   1.4592143e+02
   2.6825381e+02   2.2798185e+02
   4.6470317e+02  -8.2064656e+01
   4.4875964e+01  -5.3460209e+01
   1.9053473e+02   9.6000486e+01
   3.9592012e+02   2.8885620e+02
   3.6963401e+02   4.9191880e+02
   3.2591860e+02   1.8684467e+02
   6.2544179e+02   4.0623679e+02
   5.1993222e+02   2.0204243e+02
   1.7252353e+02   1.6200175e+02
   4.9554237e+02   5.9508624e+00
   3.8062740e+02   5.2147185e+01
  -1.0850472e+02  -1.3982067e+02
   4.5292426e+02   2.1370215e+02
   2.7223191e+02   3.6049460e+02
   3.5239490e+02   1.3258633e+02
  -1.6430950e+02   2.7322352e+02
   1.7583070e+02   2.0135670e+02
   2.7291435e+02   4.7925028e+02
   2.9986052e+02  -1.5567084e+02
   2.2352842e+02   3.9422297e+02
   1.2571026e+02   1.7680200e+02
   6.1371539e+02   4.7056991e+02
   2.8030339e+02   4.6308908e+01
   4.9406500e+02   1.9825428e+02
   3.6006757e+02   1.9522038e+02
   6.1851623e+02   5.0857952e+02
   2.4932307e+02   1.4719850e+02
   3.5650036e+02   2.0628191e+02
   4.7927167e+02   9.7158362e+01
   5.5817114e+02   5.1023574e+02
   4.5550879e+02   3.9201479e+02
   5.5090054e+02   4.7481428e+01
   4.5837236e+02   1.9300334e+00
   2.5717356e+02   8.5664234e+01
   3.8717302e+02   6.4859472e+01
   5.0188844e+02  -1.0638974e+02
   1.7188579e+02  -1.9683413e+00
   4.2956875e+02   2.2384729e+02
   3.4445709e+02   2.3613037e+02
   3.5534323e+02   9.7003568e+01
   5.1700229e+02   8.3497814e+01
   2.2627688e+02   4.3179991e+01
   7.2560408e+01   8.8779744e+01
   3.6644755e+02   2.4906094e+02
   6.2304991e+02  -7.8205162e+01
   3.4422586e+02   1.3927213e+02
   5.4880042e+02   2.1213590e+02
   3.9527030e+02   3.5890074e+02
   2.4303523e+02  -1.1280345e+02
   4.3023695e+02   4.3155799e+02
   4.0627096e+02   4.7052299e+01
  -2.7411945e+02   3.9759203e+02
   4.0328237e+02   3.9868089e+02
   5.9460021e+02   3.9067260e+02
  -3.0345954e+01  -2.2484116e+02
   2.8213871e+02   4.3079482e+02
   4.0757509e+02   4.9380678e+02
   1.5069611e+02  -1.8010441e+02
   4.1556119e+02   7.8906360e+01
   1.7817525e+02   4.2936810e+02
   3.8282343e+02   1.8603984e+02
   4.7443633e+02   2.5957316e+02
   5.1795142e+02   2.5451661e+02
   1.2820849e+02   2.4150748e+02
   5.3720612e+02   3.3602449e+02
   1.9008856e+02   4.7784973e+02
   4.0006655e+02   2.5672335e+02
   5.5528505e+02  -6.3004679e+01
   1.4649583e+02  -2.4059228e+02
   6.2043643e+02   2.1656782e+01
   3.0957025e+02   1.2903265e+02
   4.9096621e+02  -3.5262165e+02
   1.7134266e+02   3.3729373e+02
   6.0629291e+02   4.0009423e+02
   2.3686138e+02   2.1273581e+02
   4.8781793e+02   3.8105298e+02
   2.5810663e+02   1.3088187e+02
   5.2532473e+02   2.4953421e+02
   2.4364918e+02   1.3449209e+02
   1.6926932e+02   2.8039604e+02
   3.3756736e+02   4.2688963e+02
   5.9040061e+02   3.6284197e+02
   2.5099694e+02   3.5299527e+02
   2.5495403e+02   4.9830403e+02
  -1.0662034e+02  -2.3573334e+02
  -8.5236664e+01  -6.3705878e+01
   1.4917165e+02   3.1854847e+00
   3.8151121e+02  -3.2097949e+01
   4.7948335e+01   4.4344645e+02
   4.6715411e+02   1.9638249e+02
   2.9754151e+02   4.7182392e+02
   3.3891180e+02   3.9288526e+02
   2.1527540e+02   1.2270217e+02
   6.6032159e+01   3.2981331e+02
   3.3781867e+02   4.6444684e+02
   6.0714295e+02   1.2813318e+02
   2.3910341e+02   4.3664894e+02
   4.1241131e+02  -1.7329066e+02
   3.4891318e+02   2.5895613e+02
   4.9354354e+02  -1.0638479e+02
   4.2390666e+02   4.2132787e+02
   2.3060588e+02   3.3468449e+02
   2.2811410e+02   3.3459457e+02
   4.6042224e+02   2.2211037e+02
   5.0161626e+02   2.9299718e+02
   5.0658582e+02   1.5878252e+02
   2.8489649e+02  -3.4670289e+01
   5.4339446e+01   4.2054509e+02
   2.3485849e+02   4.9954994e+02
   4.8400906e+02   1.7063942e+02
   6.2604223e+02   4.8626031e+02
   4.1393168e+02   4.6261504e+02
   4.9844655e+02  -4.1880606e+00
   6.6605912e+01  -2.6224700e+02
   7.3751532e+01   4.1721077e+02
   2.9423569e+02   4.2232744e+02
   1.9863104e+02   4.8554474e+02
   2.0123423e+02   1.0820991e+02
   4.7308146e+02   1.4983182e+02
   2.8473737e+02   4.2354387e+02
   1.0159557e+02   4.3399672e+02
  -2.4976244e+02   3.0211802e+02
   3.2739738e+02   2.0851106e+02
   1.2673898e+02   3.1844443e+02
  -9.4518515e+01  -1.7079192e+02
   1.3764268e+02   6.7191853e+01
   3.5700112e+02   1.0477334e+02
   2.2733435e+02   6.7049334e+01
   3.0683039e+02   1.4513652e+02
   9.4432167e+01   1.7990994e+02
   4.6757118e+02   4.3736399e+02
   2.9185751e+02   3.7810966e+02
   6.2578208e+02   7.4187250e+01
   5.7505857e+02   2.2876404e+02
   3.2235399e+02   4.2708558e+02
   2.4371090e+02   4.2339700e+02
   5.2503616e+02   3.0065476e+02
  -1.8976723e+01  -1.5316003e+02
  -8.4127692e+01   2.4999023e+01
   1.7586468e+02  -1.2475324e+02
   3.6555304e+02   3.1053026e+02
   5.0617735e+02   2.3037376e+02
   5.1278309e+02   2.3213431e+02
   3.9814019e+02   2.5178440e+02
   1.2747128e+02   3.9963894e+02
   5.4225093e+02   3.7646261e+02
   6.1314607e+02   2.9821630e+02
   2.3947537e+02   4.9908606e+02
   4.5093975e+02   4.8075897e+02
   4.1692488e+02   1.5259128e+02
   6.0809812e+02   3.1031900e+02
   2.3352176e+02   3.5049226e+02
   4.0671485e+02   4.7217890e+02
  -6.7685414e+01  -1.0482016e+02
   4.5584135e+02   2.1697534e+02
   1.6502675e+02  -3.4502994e+01
   4.7182090e+02   2.6972132e+02
   5.6379428e+02   1.7750960e+02
   2.5407718e+02   1.3952553e+02
   3.7490928e+02   3.9136369e+02
   3.6379263e+02   1.3200602e+02
   3.2035126e+02   4.6284545e+02
   4.0211269e+02  -1.0495104e+02
   8.2687249e+01  -9.5902566e+01
   1.2342752e+02   3.1662087e+01
   4.6604351e+02   8.5399145e+01
   5.4407695e+02   1.8595822e+01
   2.9270032e+02   3.7556057e+02
   3.8575370e+02   3.9936813e+02
   6.0206197e+02   1.0866340e+02
   6.2262664e+02   1.7955611e+02
   5.1217948e+02   3.5779349e+02
   5.6609797e+02   1.6495574e+02
   3.7218135e+02   8.8202726e+01
  -1.4314208e+01   4.2508237e+02
   2.1982708e+02  -1.2833603e+02
   5.3820408e+02   4.1543174e+02
   3.5265453e+02   2.1997002e+02
   1.3200908e+02   1.0447146e+02
   1.5855910e+02   3.3107667e+02
   6.2875614e+02   1.3516164e+02
   3.8903582e+02   3.0420538e+02
   2.9184381e+02   4.6971991e+02
   4.8300801e+02   2.6606793e+02
   3.6826384e+02   4.5250214e+02
   5.1092976e+02   3.4643432e+02
   1.7003195e+02   9.3544607e+01
   4.2680942e+02  -2.8430170e+02
   6.2786380e+02   2.0569918e+02
  -7.7151673e+00  -1.6245068e+02
   4.5275123e+02  -2.2447110e+01
   5.5192132e+02   4.5060822e+02
   1.0109635e+02   1.5458519e+02
   3.8565753e+01   1.7426803e+01
   1.7866635e+01   3.1192448e+01
   5.6524527e+02   1.0208240e+02
   4.9437339e+02   9.0992778e+01
   2.1849130e+02   1.7283369e+02
   5.1479866e+02   4.9896161e+02
   4.4732082e+02   5.1103074e+02
   6.2199433e+02   3.8094075e+02
   2.9620518e+02   3.4080996e+01
   2.1491586e+02   1.8117034e+02
   6.1646271e+02   8.4030474e+01
   2.5398093e+02   4.6937882e+02
  -2.9631013e+01   2.7447958e+02
   5.8401784e+02  -6.6631271e+01
   6.0817559e+02   1.1118557e+02
   3.3092515e+02   4.7893383e+02
   4.9100296e+02   1.4364115e+02
   1.7903952e+02  -1.3513853e+02
   4.4435551e+02   4.6982187e+02
   8.9706194e+01   4.0761575e+02
   6.0047973e+02   4.4937476e+02
   1.7503387e+02  -4.8917761e+01
   6.0212025e+02  -3.2189145e+01
   2.9087880e+02   4.6797272e+02
   4.1395406e+02  -2.4596432e+02
   2.7134180e+02   4.5325122e+02
   6.2612481e+02   1.7157169e+02
   3.0562006e+02   4.2918080e+02
   5.2450908e+02   4.3892055e+01
   1.4490261e+02   5.2895592e+01
  -4.8541616e+01   1.1741955e+02
   2.3676723e+02   2.6855660e+01
   4.2618721e+02   2.4838297e+02
   4.4231111e+02   3.9814047e+02
   2.7186636e+02   3.1843161e+02
   6.0572999e+02   1.6026234e+02
   5.7461663e+02   7.1470550e+01
   3.5716990e+02   3.6763280e+02
   7.6887873e+00   7.0228634e+01
   2.1114993e+02   1.9856418e+02
   1.7324979e+02  -8.1025954e+01
   5.7793101e+02  -9.1007130e+01
   3.6678094e+02   1.7838255e+02
   2.1504477e+02   1.6190508e+02
   5.0166979e+02   3.0686292e+01
   1.2383116e+02   2.0934722e+02
   1.4911950e+02  -1.8929443e+02
   2.9900614e+01   2.8866103e+02
   3.1469795e+02   1.3934389e+02
   3.7419064e+01   1.6690184e+02
   3.0583367e+02   2.2037228e+02
   2.3324803e+02   1.2634039e+02
   5.7203458e+02  -3.3129282e+01
   3.5825179e+02   1.2025030e+02
  -2.1142171e+02  -1.6485071e+02
   1.6583802e+02   1.4568438e+02
   6.2895216e+02   1.8709984e+02
   3.7932998e+02   2.0800424e+02
   5.7231456e+02   3.7995727e+02
   8.3273466e+01   2.2867650e+02
   1.8243072e+02   1.6259992e+02
   2.0100897e+02   4.2278681e+02
   3.8519364e+02   3.0372600e+02
   1.8117107e+02   1.3351592e+02
