   2.6197142e+02   9.9793077e+01
   1.7372047e+02   1.7617130e+01
   2.0741263e+02   5.1034108e+02
   5.3431544e+02   3.1690316e+02
   4.4759635e+02  -3.2386775e+02
   5.3361493e+02   1.7518257e+02
   6.0427656e+02  -8.1210800e+01
   1.9900252e+02   3.3775030e+02
   2.2454562e+02   4.6094137e+02
   6.2216796e+02   4.1466794e+02
   4.5426450e+02   4.2622045e+02
   5.1798758e+02   1.3798412e+02
   4.8254289e+02   4.0679184e+02
   5.7377001e+02   4.4747729e+02
   1.1956175e+01   1.2566905e+02
   5.8316751e+02   3.0678455e+01
   2.3978495e+02   2.0486437e+02
   5.5701274e+02   3.7808163e+02
   2.6446131e+02   2.8639284e+02
   5.5098989e+02   1.3880082e+02
   3.0442871e+02  -6.8195364e+01
  -1.9007005e+01   4.3934358e+02
   3.7450713e+02   6.4400674e+01
   2.7024803e+01  -1.9685708e+02
   5.2522888e+02   2.7328950e+02
   2.7626712e+02   8.9320774e+01
   4.6498353e+02   3.9926230e+02
   6.1147865e+02   3.3709822e+02
   5.8762832e+02   4.9545308e+02
   1.9194651e+02   3.2048753e+02
   3.9313344e+02  -1.2390896e+02
   2.0057099e+02  -2.7392839e+02
   4.7164635e+02   2.7647840e+01
   2.2312792e+02   2.8749935e+02
   6.1665557e+02   4.2781216e+02
   1.5758099e+01  -1.2662998e+02
   5.6192875e+02   4.2939916e+01
   2.7891726e+02   4.8520904e+02
   3.9843396e+02   1.7808909e+02
  -1.5405386e+02   2.5924688e+02
   3.8460359e+02   1.8121588e+02
   4.9876309e+02   1.5256005e+02
   3.5730211e+02   3.6409597e+01
   2.6440948e+02  -1.1650242e+02
   2.5077725e+02   3.7755815e+01
   7.2590109e+01  -1.4941669e+02
   5.4183529e+02   2.9516018e+02
   4.3317387e+02   4.8762081e+02
   1.4106021e+02   4.0083112e+02
   4.3134567e+02   2.5597321e+02
   4.0683081e+02   2.0235845e+02
   2.7303226e+02   3.5734247e+02
   3.9634476e+02   2.7511946e+02
   6.1884227e+02   3.0372843e+02
   4.2219637e+02   4.5501269e+02
   5.0668161e+02  -2.0431878e+02
   4.7073558e+02  -1.0265560e+02
   2.4056586e+02  -9.4130367e+00
   6.8167420e+01   2.9930875e+02
   5.5835073e+02   3.2664097e+02
   1.9742623e+02   4.4138185e+02
   5.7012309e+02   2.9148477e+02
   3.5750813e+02   4.2729937e+02
   3.5587587e+02   4.8088487e+02
   4.8607782e+02   1.1555564e+02
   5.7073435e+02  -2.2354052e+02
   3.4802727e+02   4.5160859e+02
   4.3203377e+02   3.2458443e+02
   3.2579752e+02   3.8018559e+02
   3.0352815e+02   2.3420268e+02
   2.8076934e+02   3.5700864e+02
  -2.6263937e+02   3.0741174e+01
  -6.2631303e+01   2.6813173e+02
  -1.4581733e+02   4.1687868e+02
   3.3004677e+02   2.8492354e+02
   4.6646137e+01   4.1581017e+01
   5.6519272e+02  -1.8841479e+01
   6.2770793e+01   2.5619241e+02
   8.8243612e+01   1.1170773e+02
   9.8794655e+01   3.4758809e+02
   5.7710525e+02  -1.5292120e+02
   4.6511921e+02   2.7478333e+02
   4.4262746e+02   2.3317578e+02
   5.9257513e+02   3.0795561e+02
   4.3151053e+02   2.0481015e+02
   2.2895814e+02   8.0203156e+01
   2.6811401e+02   1.6621370e+02
   4.2318490e+02   4.7265508e+02
   3.3994942e+02   7.2218844e+01
   5.2922349e+02   1.4615225e+02
   6.3576966e+02   4.8043930e+02
   4.9317393e+02   2.6891241e+02
   5.3688617e+02  -1.6766954e+02
   1.4505412e+02   1.6984590e+02
   3.3028490e+02   6.2710562e+01
   3.2279778e+02   3.5055388e+02
   5.0685922e+02   3.0206056e+02
  -1.4112560e+02  -2.1242212e+02
   3.0243784e+02  -1.2780935e+02
   1.8540543e+02   3.4877285e+02
   2.0151228e+02   2.3895921e+02
   2.2416764e+01  -2.2093959e+02
  -4.6211429e+01  -9.3276335e+01
   1.5302622e+01   2.7995152e+02
  -5.8161123e+01   2.7281137e+02
   1.8364049e+02   4.7728570e+02
   2.3888177e+02   3.2540269e+02
   3.4863468e+02  -7.7915748e+01
   3.4312537e+02   3.7093026e+02
   6.1008632e+02   3.7558341e+02
   2.5600613e+02   3.6724893e+02
   3.2014703e+02   4.6866793e+02
   5.7758086e+02   2.7536626e+02
   3.1181714e+02  -1.3840980e+02
  -4.5087527e+01   1.3000240e+02
   2.2154506e+02   4.5596310e+02
   1.8072611e+02   4.4538798e+02
   2.3148086e+02   4.5732840e+02
   2.0284983e+02   4.6833999e+02
   6.0989222e+02  -2.8160618e+02
   1.0973088e+02   2.8242814e+01
   3.6504100e+02  -9.2229804e+01
   2.7440992e+02   1.9595063e+02
   1.3886811e+02   1.8983648e+02
   4.5703229e+02   2.0865643e+02
   5.7232679e+02   1.2635723e+02
   3.3477329e+02   2.6865858e+02
   2.7309520e+02   5.0783259e+02
   8.7817228e+01   2.6344109e+02
   2.7537657e+02   7.6828063e+01
   4.1970242e+02   3.0116032e+02
   5.5225265e+02   3.8138518e+02
   5.8068437e+02   4.0627462e+01
  -8.1679078e+01  -1.4460816e+02
   2.1497855e+02   4.2337147e+02
   6.0961256e+02   3.6253273e+02
   1.2560272e+02   3.3431772e+02
  -1.7717555e+02   3.0764057e+02
   1.7775145e+02   4.3575340e+02
   9.2868867e+01  -1.4807016e+02
   4.4626916e+02   4.5217742e+02
  -3.0203756e+01  -1.4102626e+02
   4.0213804e+02   2.0931905e+02
   2.5912475e+02   3.7280250e+02
   1.5571318e+02   1.3027198e+02
   6.1414686e+02   3.4644943e+02
   2.5733344e+02  -7.7112366e+01
  -6.3583642e+01   1.9856921e+02
   3.7959529e+02   2.2170760e+02
   2.1709087e+02  -4.1495130e+01
   6.3818764e+02   4.5681293e+02
   2.9747238e+02   3.2904258e+02
   5.2914242e+02   1.1328891e+02
   4.3997120e+02   3.4463095e+02
   3.1321665e+02   2.2948833e+02
   4.3977093e+02   1.3829708e+02
   7.8319289e+01   3.8098215e+02
   5.7751199e+02  -2.6793356e+01
   5.8548291e+02   4.8066558e+02
   4.3974750e+01   7.7490080e+01
   2.4029940e+01   1.2861722e+02
   4.0400157e+02   3.2633803e+02
   1.3904437e+02   2.6922844e+02
   5.8662712e+02   1.9355059e+02
   3.1053748e+02  -2.0469254e+02
   4.0306868e+02   5.1104019e+02
   4.0179841e+02   2.4809124e+02
   5.9097570e+02  -6.7800146e+01
   5.7982914e+02   1.6361751e+02
   1.4208378e+02  -1.6675620e+02
  -4.6481023e+01   4.3623844e+01
   1.7497799e+02  -7.7986424e+00
   5.6261197e+02   1.8313897e+02
   5.9369521e+02   1.9167670e+02
   2.9998175e+02   2.3953762e+02
   5.1391234e+02   2.1769142e+02
   4.5474063e+02   3.1068847e+02
  -1.7096516e+02  -1.2782140e+02
   2.8237909e+02   3.3279958e+02
   6.7503155e+01  -1.8833297e+02
   2.2248538e+02   4.9042878e+02
   5.4586116e+02   2.8721674e+02
   4.0186568e+02   3.4229637e+02
  -2.0832706e+01   5.0565654e+02
  -1.9074360e+02  -1.4450847e+02
   2.5376138e+02   5.4910094e+01
   5.2418619e+02   5.7538305e-01
   3.1104977e+02  -2.7363323e+01
  -5.1255050e+01   2.3612273e+02
   1.7110248e+02   4.0522587e+02
   5.7237521e+02   2.1002922e+02
   5.0792083e+02   5.0454087e+02
   8.0136446e+01   6.5100174e+00
   8.5182105e+01   8.5320683e+01
   2.9886897e+02  -2.1610354e+02
   2.2182469e+02   3.3948786e+02
   4.9444448e+02   5.5460166e+01
   3.4724655e+02   2.2217810e+02
  -2.2539975e+02   3.7561396e+02
   4.7940110e+02   1.2813264e+02
   4.0368445e+02   5.1155548e+02
  -4.8961217e+01   2.1942124e+02
   3.1192581e+02   3.3747089e+02
   6.9523713e+01  -1.7956001e+02
   3.9964938e+02   4.4927908e+02
   4.5616924e+02   1.7852378e+02
  -1.0709135e+02  -1.1097281e+02
   4.1865291e+02   1.2440113e+00
   4.4649310e+02   4.8808906e+02
   5.2447303e+02   4.4856612e+02
   2.1033415e+02   1.4013793e+02
   5.4783787e+02  -4.5876418e+01
   1.9820505e+02   4.3445053e+02
   6.2559010e+02   5.0849422e+02
   5.6381719e+02   2.4411343e+02
   2.1824275e+02   2.7692911e+02
   4.3181795e+02   4.0829902e+02
   5.8336126e+02   2.6338868e+02
   1.5516667e+02   2.9868737e+02
   1.8598265e+02   6.1247911e+00
  -1.2058564e+02   1.9118385e+02
  -2.6391825e+02   2.9216866e+02
   4.0008926e+02   1.3562244e+02
   9.1868935e+01   4.2828711e+02
   2.8429346e+01  -7.3884023e+01
   1.8878588e+02  -1.1134535e+02
   3.2713648e+02  -1.0740998e+02
   5.5168357e+02   8.3089175e+01
   2.5356311e+02   4.0032082e+02
   9.4604593e+01   7.6410619e+01
   5.2579110e+02  -4.5407163e+01
   3.3103909e+02   2.2774485e+02
   4.3733416e+02   3.8432141e+02
   1.3632132e+02  -2.9459134e+02
   3.5931981e+02   1.4875890e+02
   1.1653459e+02   1.1390430e+02
   4.6262805e+02   1.6083869e+01
   5.6372269e+02   2.8682322e+02
   2.2029529e+02   9.0505782e+01
   2.2077246e+02   1.9261815e+02
   2.4970802e+02   2.4165506e+02
   5.0894737e+02  -1.0497743e+01
   4.9415680e+02   4.2390744e+02
   6.1473868e+02   2.1372845e+02
   4.4359495e+02  -1.7810173e+02
   1.5777172e+02   2.8506648e+02
   1.4384025e+02   1.5083699e+02
   1.6148513e+02   2.6361375e+02
   2.0511112e+02   4.0807351e+02
  -5.9789797e+01   2.2722978e+02
   6.1881776e+02  -1.8028540e+01
   4.9124882e+02   4.3283693e+02
   1.9713686e+02   2.5930890e+02
   2.7917906e+02   3.1497617e+02
   4.3419349e+02   3.2451835e+02
   5.5585077e+02   3.7285967e+02
   3.9365349e+02   3.1309809e+02
   2.5857264e+02   2.4002969e+02
   4.1391978e+02   2.6312632e+02
   4.9066810e+02   3.6494751e+02
   2.7820091e+02   1.2563747e+02
   4.0096494e+02  -1.3273418e+02
   4.3576039e+02   3.8468013e+00
   4.5875524e+02   2.7976541e+02
  -1.2509512e+02  -2.9135845e+02
   2.8532671e+02   2.9406958e+02
   1.6590670e+02   7.5147401e+01
   5.3009142e+02   1.5397203e+02
   4.9498392e+02   1.2002147e+02
   3.8195568e+02   2.8562060e+02
   1.2070435e+02   4.1518106e+02
   3.7533803e+02  -2.9155657e+02
   3.3347806e+02   3.9465096e+02
   5.6516781e+02   2.2771569e+02
  -3.7690448e+01   3.4459925e+02
   1.5897607e+02   4.0011420e+02
   5.7142933e+02   4.0594279e+02
   3.3922091e+02  -3.8449174e+01
  -6.0208327e+01  -1.9987757e+02
   1.7937591e+02  -3.2930355e+02
   6.1338785e+02   1.5944434e+01
   1.2851117e+02   2.9424101e+02
   3.2398659e+02  -1.2245538e+02
   2.7395643e+02   1.8132678e+02
   6.2032682e+02   5.1010143e+01
  -1.0328363e+02   1.5755826e+02
   5.1894370e+02  -6.5623469e+01
   1.3419767e+02  -3.3250002e+01
   6.0971635e+02   4.4397571e+02
   5.1854268e+02   3.8491928e+02
   2.5406055e+02   4.0955804e+02
   2.0927095e+02   3.0804582e+02
  -6.6952875e+00   1.7405194e+02
   2.3387985e+02   4.8339801e+02
   5.0983150e+02   2.7262568e+02
   1.0846621e+02   3.2850181e-01
   3.0573045e+02   2.7242107e+01
   4.5403961e+02   6.6413515e+01
   1.6623473e+02   2.0675406e+02
   4.6117943e+02   4.5172156e+02
   3.7048966e+02   6.4446840e+01
   5.9303870e+02   1.1700746e+02
   4.1781569e+02   1.7940548e+02
   2.0828149e+02   7.2979281e+01
   1.9951964e+02   3.2170108e+02
   5.8049654e+02   5.0595062e+02
   1.7693370e+02   5.0805773e+02
  -1.7084378e+01   9.9656776e+01
   5.3295057e+02   1.4778407e+02
   1.7813648e+02  -2.0507595e+02
   6.0817926e+02   1.2774031e+02
   4.3253513e+02  -4.6874708e+01
   6.3574590e+02   4.7654941e+02
   3.9558896e+02   4.5564180e+01
   3.5543953e+02   4.4187192e+02
   1.4654954e+02   2.3610139e+02
   6.2883135e+02   2.5689267e+02
   5.1095816e+02   8.7209008e+00
   5.0732724e+02   3.0613537e+02
   2.8891897e+02   5.0052868e+01
   4.2609232e+02   1.0789973e+02
   4.2143739e+02  -4.2437606e+01
   5.5413437e+02   2.7724113e+02
   1.8240310e+02   4.6411712e+02
   3.9824407e+02   1.9891292e+02
   6.1360747e+02   3.5515895e+02
  -2.4561038e+02   3.9459950e+02
  -8.1206038e+00   5.0240336e+02
   2.9790226e+02  -3.6198447e+02
   6.3779574e+02   7.9257447e+01
   3.0782923e+02   3.5782459e+02
   3.6255326e+02   3.2795307e+02
   2.9147727e+02   1.7772596e+02
  -1.2442669e+02   2.7258083e+02
   6.1770225e+01  -1.0046792e+02
   3.0432556e+02   1.2874103e+02
   3.3991456e+02  -2.6831138e+02
   2.0664871e+02   3.7185395e+02
   5.5609577e+02  -1.1381476e+01
   4.6145554e+01  -3.5068091e+01
   6.1925018e+02  -1.1495321e+02
   4.2853153e+02  -6.9652625e+01
   4.3364012e+02   4.7758121e+02
   3.9533724e+02  -8.9588836e+01
   4.6817330e+02   5.0447632e+02
   5.6667138e+02   8.5552152e+01
   2.3065458e+02   3.7985876e+02
   2.4868352e+01  -1.4613251e+02
   3.9963217e+01   4.2356500e+02
   1.7042147e+02  -2.4936493e+01
   5.1925521e+02   1.7494972e+02
   4.1567645e+02  -5.7280322e+01
   2.3885683e+02   1.3905930e+02
  -1.4446530e+02   4.7785576e+01
   2.0919955e+02   2.2266156e+02
   6.2325474e+02   7.0218320e+01
   6.1587491e+02   2.0921729e+01
   4.3156805e+02   3.1949790e+02
   5.2433251e+02   4.0707146e+02
   4.1521299e+02   2.5610389e+02
   5.3563831e+02   5.0377600e+02
   6.1983438e+02  -3.7954880e+02
   2.4787676e+02   2.5330261e+02
   4.5279498e+02   5.0025438e+01
  -1.5812004e+01   4.9500442e+02
   4.8388393e+02   3.2335934e+02
   3.1459862e+02   2.1902363e+01
   2.6559960e+02   2.7411858e+01
   2.9833632e+02   8.0862192e+01
   5.1445814e+02  -4.5721618e+01
   2.2352412e+02   4.6566296e+02
   5.4390589e+02  -1.9417874e+02
   2.5510282e+02   2.2769282e+02
   4.5701995e+02   3.1399937e+02
   4.3191630e+02   6.2437628e+01
   6.2857578e+02   1.2735892e+02
   6.0241997e+02  -1.0810736e+02
   4.2151413e+02  -6.7993051e+01
   4.0751867e+02   4.9246684e+02
   6.3700112e+02   2.5098742e+02
   5.0464045e+02   3.6999755e+02
   4.7530055e+02   2.7504028e+02
   9.4342539e+01   3.5390619e+02
   4.4647169e+02   2.1783635e+02
   3.9506335e+02   3.6471900e+02
   5.9744642e+02   3.7200480e+01
  -7.3781205e+01   2.5142224e+02
   2.0265499e+02   3.4050689e+02
   5.7467499e+02   1.7599227e+02
   4.0981549e+02   2.0420679e+02
   3.7143420e+02   1.2635407e+02
   5.9967803e+01   3.9418173e+01
   3.5350277e+02   9.3015124e+01
   4.2357917e+02   1.1225800e+02
   5.0197567e+02   1.7101378e+02
   1.0499514e+02   4.7692635e+02
   1.8698523e+02  -2.6988183e+02
   4.0586178e+02  -1.4926523e+01
   4.7556847e+02   3.3588510e+02
   2.8585008e+02   4.9808574e+02
   5.1352261e+02   4.6179597e+02
  -2.3699194e+01  -1.2327053e+02
   4.5558562e+02   1.4325862e+02
   5.9041362e+02   1.3934895e+02
   4.8562087e+02   1.4297305e+02
   4.1657250e+02  -2.5221005e+02
   4.7024544e+02   5.7948842e+01
   4.0267304e+02  -6.6996283e+01
   5.0742778e+02  -2.0943900e+01
   3.6834236e+02   2.7601009e+02
   2.7980762e+02   3.0818310e+02
   6.3154121e+02   4.6939891e+02
   2.7317534e+02   3.1894997e+01
   3.8825026e+02   2.2135324e+02
   1.1617388e+02   1.5104689e+02
   5.2943278e+02   2.3267219e+02
   2.0979073e+02   2.5183470e+02
   3.4339556e+02   3.3356385e+02
   6.3826447e+02   3.2392715e+02
  -5.5515056e+01   4.6321256e+02
  -1.9740813e+01   2.1974013e+02
   3.7343724e+02   9.1071830e+01
   1.9219380e+02  -2.7600656e+02
   1.2834579e+02   4.8737372e+02
   1.0850965e+02   2.5275747e+02
   2.4038943e+01   3.3431076e+02
   6.2894701e+02   2.4140571e+02
   6.3039266e+02   2.0200767e+02
   3.1626238e+02   1.5187836e+02
   5.3789496e+02   2.0059722e+02
   5.6572314e+02   2.3336831e+02
   5.4037470e+02   7.2423115e+01
   5.2327041e+02   3.0961657e+02
   5.2230843e+02   3.7741926e+02
   4.6444813e+02   2.5611793e+02
   6.3046558e+02   3.5826552e+02
   1.1773370e+02   7.9954880e+01
   4.2369604e+02   4.6193401e+02
   4.9968981e+02   5.5273557e+01
   4.7582383e+02   4.0536119e+02
   2.4867958e+02   4.4799658e+02
   3.3035792e+02   4.7196550e+02
   5.9045912e+02   2.8052017e+02
   3.1423492e+02   1.0830266e+02
   1.0450420e+02   7.1886076e+01
   2.2372764e+02   3.9846393e+02
   2.1532028e+02   9.7556732e+01
  -3.3123199e+01  -3.6436147e+02
   3.9885926e+02   2.0899040e+02
   5.3266098e+02   4.4175653e+02
   4.4865369e+02   6.4225740e+01
   1.5469629e+02   8.4274869e+01
   2.8339786e+02   3.9334381e+02
   5.7537121e+02   4.7977949e+02
   5.7985686e+02   8.5956113e+01
   2.1995955e+02   1.9319735e+02
  -7.2233414e+01   2.5835327e+02
   6.0203252e+02   7.8943867e+01
   2.9571882e+02   2.8085011e+02
   5.4448519e+02  -4.1499443e+01
   5.7237147e+02  -2.3570256e+02
   3.9750852e+02   2.1134725e+02
   9.6685906e+01  -2.7732459e+02
   6.2102992e+02   3.7036932e+02
   4.0298755e+02   2.6414845e+02
   2.6060883e+02   4.7056982e+02
   1.8842911e+02   4.8768948e+02
   4.6689398e+02   3.4470720e+02
  -1.4531118e+02   8.0604630e+01
   4.9702354e+02   1.6950638e+02
   4.1523107e+02   4.9067337e+02
   4.7153343e+02   3.1395551e+02
   4.3238110e+02   7.3036219e+01
   1.4728871e+02   4.9797377e+02
   3.6083869e+02   2.3417776e+02
   5.1874387e+02   9.2323097e+01
   2.2019372e+02   3.5142482e+02
  -1.8346607e+02   1.8824773e+02
   4.1532963e+02   2.1017671e+02
  -8.2552391e+01   3.7130406e+00
   5.3297187e+02   2.0955610e+02
  -3.8809546e+01   4.4021170e+02
   4.9093094e+02   1.1378707e+02
   2.1127402e+02   9.1584622e+01
   4.3240571e+02   8.9049614e+00
   5.0456368e+02   8.0278897e+01
   5.6150672e+02  -1.2856124e+02
   1.6152492e+02   4.7041651e+02
   3.2114391e+02   6.4462279e+01
   2.0930241e+02   2.5705356e+02
   2.5677676e+02   6.4902866e+01
   3.9393744e+02   1.5811412e+02
   3.5539998e+02   2.0994197e+02
  -1.0468810e+01   3.8697490e+01
   5.3770572e+02   4.9518673e+01
   2.7669196e+02  -2.3897506e+02
   2.1654065e+02   2.0312579e+02
   5.3453816e+02   9.2661849e+01
   3.9679627e+01  -3.1492630e+02
   6.3936422e+02  -4.2183627e+02
   2.5083584e+02  -1.5965296e+01
   2.2536549e+02   1.6868136e+02
   2.4718371e+02   2.4741589e+02
   5.4607050e+02   1.7073746e+02
   5.6002036e+02   9.8897029e+01
   2.5379620e+02   1.0843109e+02
   3.6165686e+02   1.7498948e+02
   3.6875956e+02   5.0484169e+02
   5.4648512e+02   4.1557726e+02
   4.6590397e+02   4.1014705e+02
   4.1888619e+02   7.3143370e+01
   6.1945329e+02   3.3989059e+02
   1.8886096e+02   3.9895978e+02
   2.3813347e+02   2.9689618e+02
   1.5013496e+02   9.8138333e-01
   3.1868428e+02   7.0050042e+01
   5.8567885e+02   5.0939411e+02
   3.2442717e+02   2.4476727e+02
   1.4324891e+02   6.1782704e+01
   5.6154255e+01   2.2297993e+02
   3.4438451e+02   2.2062557e+02
   6.0913867e+02  -1.7304874e+02
   1.0275819e+02   2.0245070e+02
   3.6180830e+02   2.4420056e+02
   2.4941161e+02   3.7028530e+02
   3.3112387e+02   1.4751574e+02
   3.2661290e+02   6.1857538e+01
   1.7511398e+02   1.6267088e+02
   3.3344443e+02   5.0166856e+02
   5.0622193e+02   3.0229861e+02
   4.6671646e+02   2.2553675e+02
  -2.0122259e+02   3.7140106e+02
   5.0010934e+02   4.1000608e+02
   8.6872129e+00   3.1712748e+02
  -1.0217396e+02   1.4788334e+02
   2.2474437e+02   6.6675547e+00
   6.2997017e+02   4.9781677e+02
   1.5507991e+02  -1.2732645e+02
   3.2362873e+02   3.2283989e+02
   6.2057577e+02   2.2657527e+02
  -8.1787372e+01  -1.7609740e+02
  -3.3900725e+01   3.4241636e+02
   4.6765630e+02   2.5407253e+02
   6.2745860e+02   1.9677335e+01
   3.0196697e+02   2.4033118e+02
   3.8568042e+01  -1.0001391e+02
   6.3667593e+02   3.2032789e+02
   3.9893885e+02   4.7329718e+02
   4.1270592e+02   3.0775475e+02
   5.3186556e+02  -2.7752508e+01
  -1.3327014e+02   3.1813189e+02
  -5.6106226e+01  -3.3188859e+02
   4.4818170e+02   4.4732921e+02
   4.3535661e+02  -1.1088296e+02
   2.6312878e+02   4.3972060e+02
   5.2556943e+02  -6.1333662e+01
   4.3719482e+02   4.2235988e+02
   4.3782861e+02   2.3069083e+02
   4.1881235e+02   2.6917794e+02
  -3.5633673e+01   3.7216631e+02
   1.5290172e+02   2.5763778e+02
   1.6694111e+02   1.6793289e+01
   5.8303234e+02   4.5453218e+02
   2.2809014e+02   4.4824236e+02
   2.1368759e+02  -9.9775795e+00
   1.1376781e+02  -4.9576728e+01
   1.1368768e+02   3.7093230e+02
   4.7068568e+02   3.1806181e+02
  -3.2746905e+01   4.6195475e+02
   2.6393740e+02   1.0921288e+02
   4.9831264e+02   2.5363126e+02
   2.3643893e+02  -1.2960189e+02
   5.6505729e+02   2.2275743e+02
  -5.5423067e+00   1.6778766e+02
   1.7174557e+02   3.9083993e+02
   2.1615395e+02  -4.4343961e+00
   1.5234950e+01   1.5084768e+02
   3.7657067e+02  -3.1061897e+01
   1.6931044e+02   1.8571601e+02
   9.3853823e+01   4.6439282e+02
  -1.4120474e+02   3.2719128e+02
   1.2967789e+02   7.5462744e+01
   3.0955901e+02  -2.5476336e+02
   4.3007909e+02   3.2353817e+02
   2.9040645e+02   4.4459912e+02
   1.8801809e+02   1.6310183e+02
   1.4575701e+02   4.3585431e+02
   4.3494634e+02   5.0787516e+02
   2.0863514e+02   2.7485907e+02
   2.1730743e+02   4.1769549e+02
  -5.3161592e+01   2.6356752e+02
   4.8037413e+02   3.6088615e+02
  -1.5537305e+01   1.8591246e+02
   4.3600579e+01   3.1401515e+02
   5.2943852e+02   2.9039651e+02
   1.4336154e+02  -1.4034348e+02
   1.6069371e+02   1.2131175e+02
   4.8254114e+02   3.9240752e+02
   3.6417265e+02   3.1196296e+02
   4.7521284e+02   1.2481545e+02
   4.1857062e+02   2.1223499e+02
   4.6986494e+02   2.3438325e+02
   5.2567845e+02   8.8154572e+01
   1.1449798e+02   1.6996281e+02
   4.6258828e+02   3.5055812e+02
   2.2950462e+02   4.0970752e+02
   1.4206330e+01  -8.5729489e+01
   2.0733624e+02   2.3914826e+02
   5.3690622e+02   1.7808018e+02
   6.2514834e+02   4.8237994e+02
   2.2298071e+02   1.2701335e+02
   4.6879707e+02  -2.3735165e+02
   4.9070971e+02   1.9021605e+02
   2.2102430e+02   5.0801608e+02
   1.4821938e+02   3.1648385e+02
   1.8895190e+02  -2.8979940e+02
   6.1977860e+02   3.9413845e+02
   4.3553982e+02   3.5071397e+02
   5.3302194e+02   4.7395205e+02
  -2.1374685e+02   3.8207730e+02
   5.6902809e+02   3.8206579e+01
   2.9102031e+02   4.9499196e+02
  -1.3333012e+02  -7.4261003e+01
   4.1736040e+01   3.2061022e+02
   2.1383330e+02  -2.8140755e+01
   5.9395452e+02   1.0486130e+02
   2.6557578e+02  -5.0541209e+00
   5.1922084e+02   2.8087011e+02
  -6.8640415e+01   8.7336576e+01
   4.3099044e+02   2.1076438e+02
  -1.2284897e+01   4.2882337e+02
   9.6004596e+01   1.6949075e+02
   2.1516080e+02   4.0658435e+02
   1.9336571e+02   2.0617482e+02
   2.1448628e+02   3.3633119e+02
   4.5102035e+02   4.1504109e+02
  -5.3373693e+01  -4.2048649e+01
   5.9380567e+02   1.6507232e+02
   5.2090786e+02  -2.4795435e+02
   2.5687435e+02   4.9381172e+01
   2.2961359e+02   4.7434020e+02
   2.5202844e+02   3.6764893e+02
   2.1883438e+02   3.3663165e+02
   5.2504760e+02   2.3590894e+02
   3.3043814e+02  -4.2957312e+01
   2.4327933e+02   8.8489543e+01
   6.2015989e+02   4.8574903e+01
   4.9735452e+01   8.0863603e+01
   2.6322031e+02   2.6895619e+02
   1.7103822e+02   1.7594318e+02
   5.7589725e+02   4.3488136e+02
   5.6274839e+02   5.0253986e+02
   2.7167349e+02   3.0022126e+02
   3.8389653e+02   1.1513931e+02
  -1.5735636e+02   1.2763020e+02
   1.8679080e+02   3.2024775e+02
   4.8668607e+02   3.9683678e+02
   1.1931273e+02   3.5584559e+02
   3.4699965e+02   1.1404359e+02
   5.1228561e+02   2.4260784e+02
   5.3833138e+02   1.5409892e+02
   5.9668123e+02   2.5364085e+02
   5.5473415e+02  -1.7224626e+02
   5.2124804e+02   1.2869429e+02
   3.1547929e+02   4.7022532e+02
   5.6540943e+02   2.3202648e+01
   4.5434616e+02   1.8695308e+02
   3.5823397e+02   4.8494591e+02
   2.3659496e+02   2.2697643e+02
   3.2111800e+02   2.9666268e+01
   3.9305423e+02   4.9502426e+02
   4.6330902e+02   4.4597851e+02
   1.1064856e+02   2.6072357e+02
   4.5052960e+02  -3.5041538e+01
   4.2756707e+02   1.5107075e+02
   2.1996682e+01   4.5553085e+02
   3.9377558e+02   5.2217302e+01
   1.7388368e+01   4.9692455e+02
   3.7195192e+02   4.8992157e+02
   5.4748200e+02   1.0831052e+02
   4.1979242e+02   1.3437893e+02
  -1.4338530e+02  -3.4070988e+01
   2.3272433e+01  -7.4824309e+01
   1.0844244e+02   2.6058420e+02
   2.3211785e+02  -6.0539007e+01
   5.3687864e+02   1.8466774e+02
   5.2479777e+02   5.7873775e+01
   6.5662996e+01   2.2370529e+02
   3.1603797e+02   1.4053335e+02
   4.9469235e+02   1.0848294e+02
   3.4043445e+02   4.9034807e+02
   4.0372973e+02   4.3560079e+02
   5.8905513e+02   4.8985322e+02
   4.0469994e+02  -1.0690445e+02
   3.8239224e+02   4.8568208e+01
   3.5797480e+02   6.3280631e+00
   5.3937886e+02  -2.1470484e+01
   1.4698222e+02  -9.5988973e+01
   4.0283493e+02   5.5584799e+01
   6.1152742e+02   4.5762666e+02
   5.1083542e+02   3.3533557e+02
   3.4839331e+02   3.9636340e+02
   6.3608187e+02  -3.1727911e+01
   2.0426329e+02   8.6475125e+01
   3.3538434e+02  -2.0255817e+01
   3.0344911e+02   3.3963844e+02
   3.3744882e+02   1.8240237e+02
   4.3696921e+02  -3.4557316e+01
   3.0132448e+02   3.1504037e+02
   5.1426610e+02  -5.0113077e+01
   5.8631244e+02   3.2574131e+02
   4.9306352e+02   4.5592349e+02
   4.5380933e+02  -1.3007224e+02
   5.3395275e+02   2.3905125e+02
   4.5420316e+02   3.4661438e+02
   5.3177943e+02   8.4023589e+01
   2.2506915e+02   3.8217003e+01
  -7.6383599e+00  -6.9286799e+01
   5.3013736e+02   2.0004261e+02
   2.6825408e+02   2.1655200e+02
   5.2308207e+02   3.2037654e+02
   5.5965351e+02   3.4394611e+02
   6.3460527e+02   1.0691139e+02
   3.5823679e+02   2.3562733e+02
  -2.4696837e-01   1.1570347e+02
   2.3650042e+02  -1.5731589e+02
   5.0137788e+02  -3.8244876e+01
   5.1384137e+02  -1.1477123e+02
   5.9059656e+02   4.2169041e+02
   4.5528352e+02   3.7128028e+01
  -1.0627988e+02   2.3645569e+02
   5.2104432e+02  -6.0538827e+01
   5.9153094e+02  -5.2477421e+01
   5.1118602e+02   4.3014122e+02
   5.2313541e+02   2.5922472e+02
   1.9977271e+02  -7.8209417e+01
   2.4234533e+02  -5.2052640e+01
   4.2209207e+02   2.8292104e+01
   4.2060714e+02   1.1755760e+02
   1.9896886e+02   1.7711659e+02
   3.5417819e+02  -2.6826382e+02
   5.7123905e+01   1.9441776e+02
   4.1677940e+02   4.9273510e+02
   3.5452678e+02   3.0265185e+02
   6.3246129e+02   1.6869882e+02
   3.4740379e+02   4.3624433e+02
   6.1075330e+02   3.3530232e+02
   1.5872013e+02   2.4331965e+02
   5.2381797e+02   4.2616597e+02
   5.4179960e+01   1.0681685e+02
   5.5083362e+02   5.0018676e+02
   1.5187773e+02   4.7097419e+02
   3.1204811e+02   1.6219781e+02
   5.3249761e+02  -2.0426766e+02
   3.9416655e+02   1.9643994e+02
   1.2933969e+01  -1.8423356e+01
   2.8799896e+02   4.8485486e+02
   2.7885326e+02   7.3340990e+01
   5.1243198e+02   4.4318924e+02
  -8.6702747e+01  -3.1421158e+02
   2.4413357e+02   1.4807560e+02
   4.7702083e+02   3.2092534e+02
   2.4236455e+02   2.6786543e+02
   2.9489070e+02  -2.2987823e+01
   2.5319277e+02   5.8300177e+01
  -2.9818499e+01  -7.6403563e+01
   4.8548440e+02   4.0987907e+02
   3.1205645e+02   2.5630860e+01
   4.7826303e+02   2.3871273e+02
   3.7315905e+02   3.0224856e+02
   5.8338018e+02   1.7117886e+02
   1.5617297e+02   2.7530135e+02
  -3.9760518e+01   1.3766087e+02
   4.3883829e+02  -1.3401395e+02
   1.9104660e+02   3.9938187e+02
   2.6046575e+02   1.5626983e+02
   4.2251405e+02   3.5985978e+02
   3.1595247e+02   3.3602116e+02
  -1.1340005e+02   1.0924635e+02
   2.2274174e+02   4.4876250e+02
   5.3397052e+02   2.8054603e+02
   6.1029980e+02   9.3569396e+01
   5.6321550e+02   5.0602661e+01
   3.1404560e+02   5.0301026e+02
   1.4196109e+02   1.4735558e+02
  -9.1677286e+01   3.4340964e+02
   5.7268237e+02  -1.2598783e+02
   5.9939398e+02   4.1693979e+02
   2.5023852e+02   2.9809867e+01
   5.9973540e+02   2.4527989e+02
   2.8211558e+02   4.6409778e+02
   3.7310122e+02   4.1793702e+02
   4.8435042e+02  -1.6199548e+02
   5.7761813e+02   3.5961989e+02
   4.7142943e+02   2.8081385e+02
   4.4513945e+02   2.1441537e+02
   1.0091764e+02   3.0729512e+02
   6.0210422e+02   3.1964812e+02
   5.4766361e+02  -5.9640223e+00
   6.0669931e+02   2.6045881e+02
   3.0592308e+02   2.8684131e+02
   6.8384713e+01  -9.1718528e+01
   2.3713378e+02   4.5953727e+02
   6.2782486e+02   4.6744387e+02
   6.2598609e+02   2.1856955e+02
   4.1685022e+02   7.0632806e+01
   4.0737105e+02   4.5741935e+02
   5.1936212e+02   4.3427968e+02
   2.7176663e+02   2.1909160e+02
   1.0540698e+02   1.0882163e+02
  -1.3241929e+02  -2.9357884e+02
   4.1727246e+02   1.0596505e+02
   2.8388464e+02   1.3478012e+02
   3.6763339e+02   4.8955076e+02
   4.9048168e+02   1.7729104e+02
   2.1443881e+02   2.2166661e+02
   2.4063499e+02   3.7144240e+02
   2.7941740e+02   1.5834082e+02
   4.0866566e+02  -1.1255683e+02
   5.5381889e+02  -9.1743913e+01
   3.8732599e+02   4.3529611e+02
   5.5463476e+02  -8.3215889e+01
   4.8463309e+02   2.2912971e+02
   6.2435039e+02  -2.0753823e+02
   5.7066467e+02  -1.6749530e+02
   3.8932719e+02   3.6903843e+01
   6.3022030e+02  -3.1965317e+01
  -2.2757913e+02   1.2970670e+02
   9.6387859e+01   2.7099659e+01
   2.3299766e+02   1.8757259e+02
   3.7715775e+02   4.9460236e+02
   3.8752104e+02   1.6327570e+02
   4.6480914e+02   1.8557237e+02
   4.0072924e+02   2.5208763e+02
   3.9064096e+02   3.9269261e+02
   6.6801572e+01   3.3318691e+02
   4.7200204e+02   4.5758712e+02
   4.5723982e+02   1.1614154e+01
   1.3149390e+02   2.3764113e+02
   3.6312544e+02   2.2599497e+01
   2.1016553e+02   1.3734205e+02
   6.2344736e+02   2.0075474e+01
   5.5147993e+02   1.0538622e+02
   4.2624002e+02   2.5388148e+01
   2.5722748e+02   4.8725177e+02
   5.4195633e+02   1.1811180e+02
   4.7533324e+02  -8.6081461e+01
   4.0662997e+02   4.5520480e+01
   8.2174618e+01   1.0272429e+02
   1.4196131e+02  -3.7666346e+00
   6.2422960e+02   3.3317204e+02
   5.8180202e+02   2.1107426e+02
   2.4800691e+02   1.6684554e+02
  -1.4117838e+02  -1.7154212e+01
   5.3701588e+02   3.8252562e+02
   1.8515472e+02   3.4442080e+02
   3.8363140e+02   1.0434911e+02
   2.8635374e+02   1.8258291e+02
   6.0973160e+02   2.4504098e+02
   6.1455388e+02   4.2057112e+02
   3.8892651e+02   4.5204279e+02
   3.5539923e+02  -9.4103305e+01
   1.3775740e+02   3.8222468e+02
   2.6330001e+02  -1.8242831e+02
   1.9641176e+02   1.2223634e+02
   5.6149881e+02   3.7624842e+02
   3.1878157e+02   3.0284008e+02
   1.2099896e+02   4.1685630e+02
   6.0793019e+02   3.0914790e+01
   1.9986076e+02   4.0656790e+02
   5.4236481e+02   3.2559398e+02
   6.3477242e+02   2.4893416e+02
   6.3085040e+02  -1.6813150e+02
   3.2540374e+02   4.5459308e+02
   4.3961143e+02   3.2834166e+02
   2.2864783e+00  -9.8917978e+01
   2.2048123e+02   1.6608610e+02
   2.4808498e+02   1.5881737e+02
   6.1493373e+02   7.9111296e+01
   1.3398890e+02  -2.9842376e+02
   1.7797561e+02   1.2945966e+02
   3.1813722e+02   1.7003083e+02
   2.8886175e+02   1.3965517e+02
   2.9816128e+02  -1.0700557e+02
   3.7767357e+02   3.9682704e+02
  -2.3226127e+02   4.0886751e+02
   9.5105170e+01   3.6006792e+02
   7.0540348e+01  -2.2468450e+01
   3.4298086e+02   1.1331017e+02
   6.3086444e+02   3.0281629e+02
   1.0559461e+02   3.2043654e+02
   5.4602972e+02   1.0040819e+02
   1.4455349e+02   3.4587590e+02
   1.6632725e+02   1.8253203e+02
   4.1240089e+02  -1.0306414e+02
   5.1711646e+01   1.2631286e+02
  -1.9430629e+02   4.8049185e+02
   1.7695583e+02   3.7679302e+01
   1.3899673e+02   3.9792815e+02
   6.2375442e+01   4.4412451e+02
   3.9920626e+02  -2.9154264e+01
   6.0762535e+02  -7.5449560e+01
   3.0539279e+01   2.0209017e+02
   3.6917737e+02   4.5593326e+01
   5.0993471e+02  -5.7821242e+01
   3.6089267e+02  -5.1623084e+01
   2.8100683e+01   2.7340599e+02
   3.8793693e+02   3.2749462e+02
   3.0862936e+02   2.1366397e+02
   3.2856528e+02   1.4990729e+02
   6.3737881e+02   2.7813363e+02
   4.1656588e+02  -1.4406427e+02
   2.4340890e+02   3.3729971e+02
   5.0450338e+02   3.4676139e+02
   2.1156296e+02   4.5291451e+02
   8.6146157e+01   2.3018119e+01
   2.6599104e+02   1.7412025e+02
   6.1633933e+02   4.5695767e+02
   1.7365948e+02  -1.5858494e+02
   3.3415594e+02  -1.2129138e+02
   4.1280055e+02  -1.1918616e+01
   1.7663623e+02   1.9341668e+02
   1.7620311e+01   2.9252175e+02
   1.8757094e+02   3.0032246e+02
   1.2146844e+02   3.5325329e+01
   3.1200254e+02  -1.2908694e+02
   6.0911809e+02   3.3142487e+02
   4.3289829e+02   2.5179014e+02
   3.9622763e+02   2.2521561e+02
   1.2814825e+02  -1.0974814e+02
   5.4281220e+02   1.3949849e+02
   1.6441451e+02   4.1151293e+02
   1.2942872e+02   1.5633518e+02
   6.1072897e+02   3.0849613e+02
   4.3701668e+02   2.6223534e+02
   3.6471470e+02   4.0605163e+02
  -1.6515349e+02   4.4269530e+01
   5.5337802e+02   8.5685341e+01
   3.8078906e+02   7.4524561e+01
  -9.0316456e+01  -6.5223471e+01
   1.7477570e+02   2.1790171e+02
   2.5903382e+02   3.1288315e+02
   5.7764601e+02   1.5711739e+02
   4.7361441e+02   6.0136675e+01
   1.8597764e+02   2.1803489e+02
   4.3265550e+02   3.0028947e+02
   4.2444018e+02   9.2863059e+01
  -5.4029311e+01   2.4804212e+02
   4.4451780e+02   4.0451984e+01
   3.5262143e+02   4.7525359e+02
   1.8769583e+02   4.5978375e+02
   1.9280995e+02  -1.5421170e+02
   5.2925603e+02  -1.0266628e+02
   1.6880478e+02   4.5912390e+02
   4.0121657e+02   2.2801487e+01
   4.2629610e+02   4.6278712e+02
   4.6511808e+02   1.9644874e+02
   4.9840399e+01   4.8245935e+01
   5.8533872e+02   2.4385480e+02
   4.3457612e+02   4.6212235e+02
   6.2394274e+02  -3.1096255e+02
   4.5901293e+02  -1.3169983e+02
   2.1946513e+02   4.7114057e+02
   2.2563640e+02   1.6942085e+02
   1.8681322e+02   4.6700597e+02
  -1.2824256e+02   3.6724854e+02
  -7.1644797e+01   4.0721193e+02
   3.0121090e+01   9.0540309e+01
   5.2387802e+02   9.4891171e+01
   1.4836324e+02   3.7139769e+02
   2.6806165e+02   1.3265239e+02
   3.6341800e+02  -2.4370030e+02
   1.6150808e+02   3.5671542e+02
  -4.0848440e+01   3.0666563e+01
   5.1217469e+01   4.0183549e+01
   1.2044757e+02  -2.4659109e+02
   5.6234845e+02  -2.1090651e+01
   4.6436143e+02   3.7221635e+02
   5.7107189e+02   4.2215847e+02
   8.4032810e+01   5.0409974e+02
  -7.4515391e+01  -1.1299284e+02
   2.6615508e+02   4.8057653e+02
   4.8369148e+02   4.6278210e+02
   5.6847555e+02   5.0401074e+02
   5.0423513e+02  -1.1741965e+00
   3.8540512e+02   1.1340860e+02
   6.2639689e+02   1.5460534e+02
   2.2321423e+02   5.9627655e+01
   1.5184246e+02   1.9222853e+02
   1.9714370e+02   2.8622357e+02
   1.6978711e+02  -1.8092312e+02
   1.5247314e+02   4.3700109e+02
   3.0674095e+02   1.5439790e+02
   1.6539491e+02   1.5159307e+02
   6.3611486e+02  -8.1254805e+01
   5.1457638e+02   2.5341439e+02
   4.0387463e+02   3.4875954e+01
   2.2792322e+02  -2.9797698e+01
   2.4027596e+02   4.2894658e+02
   4.6046554e+02   6.6611878e+01
