             NaN             NaN
  -2.4656097e+03   4.5953815e+03
  -2.4656097e+03   4.5953815e+03
  -2.4656097e+03   4.5953815e+03
  -2.4656097e+03   4.5953815e+03
  -2.4656097e+03   4.5953815e+03
  -2.4656097e+03   4.5953815e+03
  -2.4656097e+03   4.5953815e+03
  -2.4656097e+03   4.5953815e+03
  -2.4656097e+03   4.5953815e+03
   1.5821215e+05   1.1841745e+05
   1.9253271e+03   7.7058649e+03
  -2.3972730e+02   6.1721681e+03
  -9.7480402e+02   5.6514492e+03
  -1.3449059e+03   5.3892738e+03
  -1.5677942e+03   5.2313825e+03
  -1.7167327e+03   5.1258764e+03
  -1.8232875e+03   5.0503944e+03
  -1.9032968e+03   4.9937168e+03
  -1.9655816e+03   4.9495951e+03
   1.5821215e+05   1.1841745e+05
   6.0826602e+03   1.0650866e+04
   1.9253271e+03   7.7058649e+03
   4.8859189e+02   6.6881001e+03
  -2.3972730e+02   6.1721681e+03
  -6.7995642e+02   5.8603154e+03
  -9.7480402e+02   5.6514492e+03
  -1.1860803e+03   5.5017838e+03
  -1.3449059e+03   5.3892738e+03
  -1.4686559e+03   5.3016108e+03
   1.5821215e+05   1.1841745e+05
   1.0024549e+04   1.3443250e+04
   4.0320133e+03   9.1982144e+03
   1.9253271e+03   7.7058649e+03
   8.5024648e+02   6.9442916e+03
   1.9806914e+02   6.4822975e+03
  -2.3972730e+02   6.1721681e+03
  -5.5392726e+02   5.9495929e+03
  -7.9039619e+02   5.7820813e+03
  -9.7480402e+02   5.6514492e+03
   1.5821215e+05   1.1841745e+05
   1.3767317e+04   1.6094579e+04
   6.0826602e+03   1.0650866e+04
   3.3361235e+03   8.7052551e+03
   1.9253271e+03   7.7058649e+03
   1.0664442e+03   7.0974433e+03
   4.8859189e+02   6.6881001e+03
   7.3231498e+01   6.3938641e+03
  -2.3972730e+02   6.1721681e+03
  -4.8399741e+02   5.9991303e+03
   1.5821215e+05   1.1841745e+05
   1.7325681e+04   1.8615278e+04
   8.0794746e+03   1.2065384e+04
   4.7216774e+03   9.6867637e+03
   2.9858177e+03   8.4571029e+03
   1.9253271e+03   7.7058649e+03
   1.2102463e+03   7.1993109e+03
   6.9545494e+02   6.8346392e+03
   3.0714051e+02   6.5595623e+03
   3.7919812e+00   6.3446741e+03
   1.5821215e+05   1.1841745e+05
   2.0712941e+04   2.1014770e+04
   1.0024549e+04   1.3443250e+04
   6.0826602e+03   1.0650866e+04
   4.0320133e+03   9.1982144e+03
   2.7748725e+03   8.3076720e+03
   1.9253271e+03   7.7058649e+03
   1.3128011e+03   7.2719593e+03
   8.5024648e+02   6.9442916e+03
   4.8859189e+02   6.6881001e+03
   1.5821215e+05   1.1841745e+05
   2.3941149e+04   2.3301591e+04
   1.1919868e+04   1.4785870e+04
   7.4197198e+03   1.1598022e+04
   5.0642010e+03   9.9294030e+03
   3.6152319e+03   8.9029718e+03
   2.6339235e+03   8.2078256e+03
   1.9253271e+03   7.7058649e+03
   1.3896293e+03   7.3263835e+03
   9.7042973e+02   7.0294279e+03
   1.5821215e+05   1.1841745e+05
   2.7021250e+04   2.5483495e+04
   1.3767317e+04   1.6094579e+04
   8.7334813e+03   1.2528674e+04
   6.0826602e+03   1.0650866e+04
   4.4465535e+03   9.4918694e+03
   3.3361235e+03   8.7052551e+03
   2.5330891e+03   8.1363958e+03
   1.9253271e+03   7.7058649e+03
   1.4493325e+03   7.3686765e+03
   1.5821215e+05   1.1841745e+05
   2.9963208e+04   2.7567541e+04
   1.5568687e+04   1.7370646e+04
   1.0024549e+04   1.3443250e+04
   7.0876631e+03   1.1362798e+04
   5.2689823e+03   1.0074467e+04
   4.0320133e+03   9.1982144e+03
   3.1361426e+03   8.5635911e+03
   2.4573775e+03   8.0827626e+03
   1.9253271e+03   7.7058649e+03
   1.5821215e+05   1.1841745e+05
   3.2776114e+04   2.9560167e+04
   1.7325681e+04   1.8615278e+04
   1.1293505e+04   1.4342162e+04
   8.0794746e+03   1.2065384e+04
   6.0826602e+03   1.0650866e+04
   4.7216774e+03   9.6867637e+03
   3.7345420e+03   8.9874896e+03
   2.9858177e+03   8.4571029e+03
   2.3984397e+03   8.0410119e+03
   1.5821215e+05   1.1841745e+05
   3.5468276e+04   3.1467260e+04
   1.9039918e+04   1.9829622e+04
   1.2540913e+04   1.5225810e+04
   9.0583526e+03   1.2758809e+04
   6.8877262e+03   1.1221165e+04
   5.4051992e+03   1.0170962e+04
   4.3283411e+03   9.4081292e+03
   3.5106842e+03   8.8289116e+03
   2.8686966e+03   8.3741358e+03
   1.5821215e+05   1.1841745e+05
   3.8047306e+04   3.3294212e+04
   2.0712941e+04   2.1014770e+04
   1.3767317e+04   1.6094579e+04
   1.0024549e+04   1.3443250e+04
   7.6843163e+03   1.1785459e+04
   6.0826602e+03   1.0650866e+04
   4.9175925e+03   9.8255474e+03
   4.0320133e+03   9.1982144e+03
   3.3361235e+03   8.7052551e+03
   1.5821215e+05   1.1841745e+05
   4.0520187e+04   3.5045969e+04
   2.2346218e+04   2.2171762e+04
   1.4973243e+04   1.6948842e+04
   1.0978308e+04   1.4118880e+04
   8.4725636e+03   1.2343843e+04
   6.7541408e+03   1.1126535e+04
   5.5023485e+03   1.0239781e+04
   4.5498405e+03   9.5650366e+03
   3.8007459e+03   9.0343876e+03
