   3.0410902e+02   4.3840177e+02
   1.8977760e+02   1.1079798e+02
   6.6119257e+00   4.2804777e+02
   6.2863148e+02   4.5148641e+02
   2.9162502e+02   5.1037803e+02
   4.1003568e+02   4.4657682e+01
   1.2933649e+02  -2.7715241e+01
   4.7549830e+02   1.6958889e+02
   2.4858273e+02   2.5636550e+02
   9.7717214e+00   3.5921481e+02
   9.9194194e+01   1.0881550e+02
   4.8890872e+02  -1.4804266e+02
   6.0350725e+01   2.3232533e+01
   5.6205879e+02   8.3849417e+01
   1.7580733e+02   3.3874507e+02
   1.3244453e+02   1.4291987e+02
   6.2298459e+02   4.2923804e+02
   2.6947028e+02   2.5931759e+02
   2.1118015e+02  -5.6281510e+00
   5.8004476e+02   3.3546436e+02
   5.7426524e+02   2.1352610e+02
   3.6096466e+02   4.0650949e+02
   2.3242285e+02  -5.1290952e+01
   4.1718396e+02   4.1861292e+02
   2.2284356e+02   2.7223588e+02
   7.1775013e+01   1.7341976e+02
   3.2470321e+02   1.9925711e+01
   6.3116102e+02   2.1048215e+02
   5.9430914e+02   4.4509829e+02
  -3.3507018e+01  -8.4693413e+01
   1.0657594e+02   3.8918187e+02
   2.2917356e+02   3.7659922e+02
   4.8070096e+02   1.3348870e+02
   2.5184607e+02   4.2160056e+02
   5.1492035e+02   1.9743074e+02
   6.1850626e+01   3.7254206e+02
   1.1820336e+02   2.9288244e+02
   4.4036527e+02   5.9511175e+01
   2.9219566e+02  -6.2996390e+00
   5.6256430e+02   4.7197225e+02
   1.4873317e+02   1.6772820e+02
   6.0323385e+02   1.8734235e+01
   3.3790055e+02   7.4334239e+01
   5.8517884e+02   4.6660027e+02
   4.7161542e+02   1.5824532e+02
   1.4926314e+02  -1.8012076e+02
   7.7237606e+01   3.8835071e+02
   3.0821918e+02   1.2158115e+02
   4.6304235e+02   1.0345969e+02
   3.9352108e+02   3.7682735e+01
   3.6193259e+02   4.4958361e+02
   9.5722858e+00   2.8901475e+02
   4.1182971e+02   2.1028375e+02
  -4.3127491e+01  -1.3908334e+02
   6.3213454e+02  -1.5602990e+02
   3.8272875e+02   5.1012899e+02
  -8.6692856e+01   4.9458334e+02
   5.4072603e+00   1.3606387e+01
   2.9118949e+02  -3.5141657e+00
   2.7387097e+02   5.0246241e+02
  -4.9545808e+00  -7.6918707e+01
   3.0075804e+02   7.5548636e+01
   3.5744434e+02   2.2045605e+02
   3.5349868e+02   4.1013408e+02
   3.7017058e+02   4.0307285e+02
   3.6077839e+01   2.4751152e+02
   2.9216179e+02   2.3801567e+02
  -1.4653959e+02   3.6525436e+01
   5.8518312e+02   4.7425221e+01
   2.0090404e+02  -7.9805980e+01
   6.0091140e+02   1.5329460e+02
   3.2603160e+02   1.3175692e+02
   3.9129924e+02  -5.0641624e+01
   4.7154004e+02   2.9720892e+02
   1.0512760e+02   1.6428267e+01
  -1.1736909e+02  -2.1461924e+02
   4.9538374e+02   3.7018677e+02
   3.3855827e+02   8.6513507e+01
   2.8945971e+02   3.7859494e+02
   3.9070192e+02   1.9315070e+02
  -8.2449581e+01   3.4351024e+02
   3.2493680e+02   2.7571317e+02
   3.9175268e+02   3.3887224e+00
   5.5970355e+02   4.5694945e+02
   1.8866247e+02   3.2271503e+02
   1.1017011e+02  -1.3151714e+02
   2.9856449e+01  -1.6202770e+02
   1.6236264e+02   7.2849993e+01
   3.5848830e+02   7.7118494e+01
   6.5299745e+01  -1.5101265e+01
   4.2868086e+02   1.3252076e+02
   5.2825395e+02   4.7107455e+01
   4.2832149e+02   2.5333291e+02
   5.4844600e+02   3.4556051e+02
   9.6493054e+01  -1.8152166e+02
   5.7473300e+02  -7.2869934e+00
   4.7420270e+02   3.7259433e+02
   4.1132472e+02   6.1722324e+01
   5.7794020e+02   2.6009260e+02
   3.6098792e+02   6.1946340e+01
   5.5948667e+02   4.0324520e+02
  -1.2979964e+02   3.8310842e+02
   1.3864343e+02   2.8170425e+02
   2.4620741e+02   4.3596182e+02
   9.5336860e+01  -2.7922801e+02
   4.8953558e+02   1.8030390e+01
   3.3848642e+02   2.5882559e+02
  -8.5444809e+00   4.9496978e+02
   1.2817102e+02   2.5430111e+02
  -1.0452069e+02   3.0684529e+02
   3.0227123e+02   4.0924374e+02
   5.8846897e+02   2.3602045e+02
   5.0616596e+02   4.6588154e+02
   2.0359456e+02   1.3286793e+02
   6.5806009e+01   1.5875666e+02
   4.0377582e+02   2.1482399e+01
  -1.8642871e+02   1.4529603e+02
   1.3953097e+02   4.7784284e+02
   2.0742665e+02  -5.5633489e+01
   1.1210952e+02   4.5206614e+02
   1.7012855e+02   4.0917092e+02
   5.9418037e+02   2.5408841e+02
   5.9319897e+02   2.3251744e+02
   5.4173568e+02   2.7309829e+02
   5.2177713e+02   5.0973032e+02
   4.5529200e+02   4.6566154e+02
   2.9231268e+02   2.9595857e+02
   4.8376159e+01   3.1405278e+01
   4.0206792e+02  -7.7981436e+01
   1.8467157e+02   1.1269224e+02
   4.2925562e+02   4.2474417e+02
   2.4940286e+02   4.5130427e+02
   1.9661423e+02   2.4361444e+02
   1.9006917e+02  -1.1358053e+02
   5.1959174e+02   7.3729132e+00
   4.4330694e+02   4.1479233e+02
   5.0646543e+02   3.5961332e+02
  -7.9207543e+00   7.7862264e+01
   5.3655883e+02   1.5453791e+02
   5.4689816e+02   3.5678044e+01
  -1.9785952e+02   3.0175596e+02
   1.9652149e+02  -2.8626331e+02
   5.1358207e+01   1.2847206e+02
  -7.0192752e+01   4.0642734e+02
   3.8124810e+02   3.8891626e+02
   4.0521109e+02   6.1427536e+01
   4.0441392e+02   1.9387660e+02
   1.1202068e+02   2.8374433e+02
   1.0438579e+02   3.1410382e+02
   3.8215334e+02  -1.8237154e+02
   1.2390208e+02   4.5375057e+02
   2.9233186e+02   1.0992404e+02
   1.9684290e+02   7.7333619e+01
   1.6274179e+02   3.7039531e+02
  -2.4390847e+01   3.9424365e+02
   1.4486891e+02  -1.1108839e+02
   1.3640019e+02   2.9127814e+02
   3.9934979e+02   1.0578353e+02
   2.2305843e+02   4.3415265e+02
   4.4084696e+02   1.0940356e+02
   1.7181001e+02   6.2901954e+01
   5.9084301e+02   3.9320102e+02
   5.0975050e+02   2.2240357e+02
   3.2193610e+02   4.4156156e+02
   1.1661583e+02   2.8286014e+02
   6.1066437e+02   1.7586715e+02
   2.0873674e+02   7.4475271e+01
   3.3257033e+02  -1.9129569e+02
  -1.6039775e+02   4.3931032e+02
   3.9524760e+01   1.3758900e+02
   2.4728657e+02  -8.1413298e+00
   5.2325848e+02  -3.3737952e+02
   6.2318658e+02   7.0554454e+01
   4.6999568e+02   1.3193539e+02
   3.8118901e+02   3.7475826e+02
   5.4424203e+02   2.6193980e+01
   2.4438788e+02   1.0233652e+02
   3.1091102e+02   2.7570776e+02
   5.3323690e+02   3.8206933e+02
   4.6961936e+01  -4.6270464e+01
   4.5869567e+02   8.9480978e+01
   1.4061338e+02   4.2157608e+02
   2.3251244e+02   2.8905467e+02
   3.3574710e+01   1.2689697e+02
   4.8582866e+02   2.6077218e+02
   4.3729485e+02   4.1759614e+02
   6.1220999e+02   3.9594224e+02
   3.6276709e+02   4.8828555e+02
   1.9633668e+02  -1.6132923e+01
   3.6848722e+01   2.1532664e+02
  -1.5678583e+00   4.6320654e+02
   1.3539917e+02   4.5998567e+02
   5.4994728e+02   1.9887725e+02
   5.6464867e+02   1.6694079e+02
   5.3807926e+02  -2.6730102e+02
   4.4014156e+02   1.7057196e+02
   5.5988837e+02   4.6082406e+02
   5.0302575e+01  -9.4499842e+01
   2.1883820e+02   3.5366052e+02
   4.0387212e+02   1.7707752e+02
   1.5674542e+02  -9.8882523e+00
   1.7393622e+02   5.4268320e+01
   2.2427502e+02   4.7574754e+02
   5.6531145e+02   2.7038418e+02
   3.7290747e+02   3.7521790e+02
   4.9758592e+02   2.1314789e+02
   1.3795531e+02  -2.2020562e+02
   5.1718215e+02   7.3639847e+01
   1.4376869e+02   2.5957408e+02
   5.3960990e+02   3.3472800e+02
   3.7668846e+02   4.3822333e+02
   5.4518490e+02   2.0179813e+02
   2.9398485e+02   3.0639990e+00
  -1.4685994e+02   5.2892483e+01
   5.4900908e+02   3.2111791e+02
   3.8483303e+02   4.5045341e+02
   5.9818908e+02   5.0963123e+02
   1.4913538e+02  -2.4554036e+02
   3.1434316e+02   4.1586362e+02
   5.5945344e+02  -5.1692156e+01
   1.7220942e+02   3.4096270e+02
   5.7111880e+02   1.3661572e+02
  -6.7529144e+01   4.9828772e+02
   3.7401641e+02   1.5788967e+02
   2.7043133e+02   1.6172635e+02
   2.4292528e+02   3.0285839e+02
   5.0815644e+02   3.2143384e+02
   4.9238189e+02  -8.6960518e+01
   5.8400456e+02   3.1365173e+02
  -2.0830458e+02   1.8976217e+02
  -1.0856962e+02  -2.1333461e+02
   5.2343232e+02   2.1133619e+01
  -1.5692882e+02  -1.1461607e+02
   5.8104061e+02  -1.5730533e+02
   4.4377333e+02   1.0364655e+02
   6.0214897e+02   5.0697864e+02
   3.5699265e+02   2.0845065e+02
  -8.0771576e+01  -1.3247363e+02
   5.0298841e+02   4.9269340e+02
   1.6960750e+02   3.9789324e+02
   1.3833206e+02   4.2462512e+02
   3.8200254e+02   2.5744405e+02
   5.9469138e+02   2.6114040e+01
   5.3161862e+02   3.4887357e+02
  -1.2235732e+02  -2.0571772e+02
   6.3532439e+02   9.9825502e+01
   3.9576914e+02   2.4457203e+02
   6.1340488e+02   3.6634730e+02
   6.6377878e+01   3.9296692e+02
   5.9486225e+02   3.5710699e+01
   3.3257169e+02  -1.2214626e+01
   3.3665914e+02  -1.6614779e+02
   5.4704511e+02   2.2242576e+02
   5.1900631e+02   4.8774329e+02
   6.3080891e+02   3.0469355e+02
   4.4485655e+02   4.8619328e+01
   1.4422536e+02   3.1723297e+02
   3.7496889e+02   1.9890201e+02
   2.0136604e+02  -2.0310337e+01
   4.3090252e+01   2.8655507e+02
   4.8115295e+02   3.3543770e+01
   4.9670175e+01   2.6696571e+02
  -2.5750760e+02   4.1653563e+02
   5.2806970e+02   4.4437256e+02
   5.3974890e+02   9.0101372e+01
   8.5552721e+01   3.3345388e+02
   4.4815840e+02   5.0865053e+02
  -3.4571087e+01   2.9161337e+02
   1.8344207e+02   3.8375817e+02
   4.6512559e+02   2.0724979e+02
   2.4029700e+02   3.5910551e+02
   4.5180883e+02   3.8470923e+02
   2.9593792e+02   3.2237955e+02
   6.2499505e+02   2.3379531e+02
   4.1676927e+02   2.7804239e+02
   3.6591512e+02   1.1351119e+00
  -4.7334657e+00   2.5941461e+02
   2.2341618e+01  -1.0391727e+02
   3.3888906e+02   4.7185533e+02
   3.5704528e+02   5.0078430e+02
   1.2962031e+02  -2.3259178e+02
   4.0281092e+01   3.2578711e+02
   5.5591195e+02   2.3743839e+02
   5.2394980e+02   1.7060400e+02
   1.0391503e+02   3.6216551e+01
   3.4873112e+02   2.0686868e+02
   1.9469173e+02  -2.3061347e+02
   3.6306176e+02   1.6456789e+02
   4.4237983e+02   1.3815476e+02
   2.0964341e+02   1.6023114e+02
   5.6850030e+02   4.3090829e+02
   1.3982632e+02   3.6846991e+02
   1.2380767e+02   4.8060471e+02
   5.4735640e+00   1.4239510e+02
   3.3182831e+02   4.1746104e+02
   2.4755398e+02   3.1233572e+02
   2.8435631e+02   2.7498213e+02
   2.7580858e+02   5.6095179e+01
   4.5270515e+02   3.9265759e+02
   5.0320250e+02   1.7931594e+02
   6.3258465e+02   3.6337928e+02
   5.1035485e+02   1.6776512e+02
   2.9428499e+02   3.9319005e+02
   3.4055109e+02   3.5674604e+02
   5.7034804e+01   4.1185044e+02
   5.0911915e+02  -1.6095115e+00
   4.2462770e+02   1.6585172e+02
   2.4017649e+02  -1.0375578e+02
   7.2826594e+00   7.4686611e+01
   2.3576169e+02   2.9347397e+02
   2.2175167e+02   4.2824605e+02
   4.6461509e+02   4.8433690e+02
   2.7837631e+02   1.6678523e+02
   3.4612809e+02   3.0425667e+02
   2.9125251e+02   5.0859120e+02
   1.9002940e+02  -1.8779660e+01
   3.1830766e+02   2.3836747e+02
   2.3142894e+02   1.7627021e+02
   8.1268678e+01  -2.2372049e+01
   2.7553044e+02   2.2552766e+02
   1.1077477e+02  -6.8795239e+01
   6.3023998e+02   4.4853218e+02
   2.5027284e+02   2.2770137e+02
  -1.5973807e+02   3.0902290e+02
  -1.3325495e+02   4.5976524e+02
   1.5570712e+01   4.6377306e+02
   3.2255969e+01   1.1927081e+02
   4.8296032e+02   4.8527779e+02
   3.8490493e+02  -4.4685088e+01
   4.6361631e+02   4.6305701e+02
   3.3814721e+02   7.5659237e+01
   1.5653254e+01   6.7177303e+00
   4.4820161e+02   2.5655694e+02
   1.7326236e+02   4.6965941e+02
   5.2268706e+02  -1.7368180e+02
   2.5962176e+02   3.8817329e+02
   6.2231762e+02   9.8675584e+01
   5.8704159e+02   4.6978867e+02
   4.7169490e+02   5.0479600e+02
   2.3120834e+02   3.6369653e+02
  -9.2634654e+01  -4.8524492e+00
   4.3646879e+02   4.5087145e+02
   6.4280011e+01   4.1308561e+02
   1.9403171e+02   1.0411306e+02
   1.5330959e+02   2.0615469e+01
   6.0671908e+02   1.5850208e+02
   4.2614122e+01   9.3129536e+01
   5.8828821e+02   2.5452869e+02
   6.3425450e+02   3.1225501e+01
   2.4246447e+02   2.0370922e+02
   2.5647456e+02  -1.4812603e+02
   1.1518821e+02   4.9016967e+02
   3.0153702e+02  -2.0086377e+02
   3.6032824e+02   4.7265044e+00
   6.1539136e+02   3.0560978e+02
   3.3727517e+02  -1.8196949e+02
   5.0042241e+01  -2.3995459e+02
   1.8169656e+02  -4.2378021e+01
   4.8935079e+02  -5.6617686e+01
   6.1808802e+02   3.1178731e+02
   5.8782526e+02   3.5602687e+02
   4.3774769e+02   1.0997309e+02
   5.6687825e+02   4.2384174e+02
   3.7565453e+02   1.1879808e+02
   2.6583318e+02   4.4748394e+02
   5.3852200e+02   3.0973638e+02
   2.3924783e+02   2.8443812e+02
   2.7145760e+02  -9.6277272e+01
   4.6650435e+02  -7.7440555e+01
   4.9533629e+02  -1.1456859e+02
   4.3506829e+02   1.1848021e+02
   2.8770373e+02   1.9964428e+02
  -1.6628888e+00   3.5022587e+02
   7.8770299e+01   3.5130606e+01
   1.3584152e+02   3.0324058e+02
   4.6943308e+02   4.2283008e+02
   4.2415979e+02   4.6043113e+02
   6.2886428e+02   3.8405392e+02
   2.4555544e+02   4.3074152e+02
   6.2542104e+02   4.3641775e+01
  -7.9111269e+01   3.5966190e+02
  -6.9604559e+01   3.6681327e+02
   2.6936036e+02   2.9378997e+02
   1.9096330e+02   1.8476945e+02
   6.3572487e+02   2.9033139e+02
   3.6698047e+02   3.9392232e+02
   5.8185311e+02   8.2599759e+01
  -2.3849384e+02   3.7865013e+02
   3.6593366e+02   3.4085625e+01
   3.4382715e+02   2.2595938e+02
   4.0790594e+02   2.5092455e+02
   6.3405399e+02  -3.5033178e+01
   5.5082261e+02   3.7174164e+02
   2.9584598e+01   3.7035674e+02
   4.1490460e+02   3.9027695e+01
   2.3156436e+01  -1.0131730e+01
   1.0095220e+02  -5.2675483e+01
   3.3773962e+02   5.0517211e+02
   4.9634080e+02   8.3386108e+01
   4.5010370e+02   4.7726283e+02
   3.7173248e+02   3.8667809e+01
   5.6313769e+02   3.2009595e+01
   1.0934517e+02   1.8932899e+02
   2.6147866e+02  -1.1792199e+02
  -2.9707707e+01  -1.1394258e+02
  -1.7546821e+02  -1.4439549e+02
   4.5323937e+02   1.4468359e+02
   3.0988498e+02   3.6275094e+02
   2.7713241e+02   1.3564986e+01
   5.6735590e+02  -1.5586222e+02
   1.1536065e+02  -1.9361588e+02
   4.9998824e+02   1.6551191e+02
   8.4607758e+01   2.6812524e+02
   1.3530484e+02  -1.2607938e+02
   3.0405174e+02   3.4954187e+02
   1.5890164e+02  -1.1078901e+02
   5.7023208e+02   4.8730477e+02
   2.2376892e+02   4.0782488e+00
   1.3302210e+02   1.1876185e+02
  -1.4785489e+02  -8.0195839e+01
   1.3990507e+02  -2.4313990e+02
   4.9571532e+02   3.5224276e+02
   3.6195902e+02   2.4585273e+00
  -8.6825475e+01   3.4848535e+02
   1.9273698e+01   4.2177257e+02
   2.7270396e+02   1.4399184e+02
   4.9885449e+02   3.0984660e+02
   5.7115918e+02   2.1222782e+02
   5.2443853e+02   9.5391167e+01
   3.0034398e+02  -1.6464599e+02
  -2.2293673e+02   1.6599813e+01
   3.0888659e+02   3.2482110e+02
   1.4577339e+01   3.5254345e+02
   1.5760445e+02   1.2360355e+01
   1.3377012e+02   1.3803123e+02
   2.3878994e+02   2.4482946e+02
   4.4452271e+02   2.7922611e+02
   3.4837589e+02  -1.2130831e+01
   1.0729568e+02  -1.1650736e+02
   1.8922356e+02  -2.9283680e+02
   2.6914870e+02   1.2304442e+02
   6.0274944e+02   9.4895050e+01
   5.7608822e+02   4.6246707e+02
   4.7430080e+02   3.8944561e+02
   5.0222744e+02   3.5914925e+02
   5.8905035e+02   4.1173612e+01
   8.8436221e+01  -3.4057515e+02
   2.3641736e+02   1.3930355e+02
   1.2756244e+02   4.8153974e+02
   7.1894972e+01   1.2107992e+02
   3.1090144e+02   3.3429138e+02
   1.1846751e+02  -2.8519140e+02
   2.9978221e+02   1.6564181e+02
   4.1484294e+02  -5.3435219e+01
   1.7344005e+02   3.8565704e+02
  -8.7629208e+01   1.0523262e+02
   5.3126533e+02   4.8674770e+02
   1.2340570e+02   2.3276721e+02
   6.0920313e+02   4.2045293e+01
  -1.9781014e+02   1.9346947e+02
   6.1257487e+02   2.7377208e+02
   4.3296990e+02   3.4162863e+02
   1.8281531e+02  -4.4565110e+01
   6.1619191e+02   2.9640036e+02
   4.7529627e+02   4.9709296e+02
   3.5583075e+02  -3.9122550e+01
   3.2736062e+02   4.1708122e+02
   3.4322185e+02  -3.0175227e+01
   5.1203938e+01   1.8761021e+02
   4.1887426e+02   3.9715158e+02
   6.1636152e+02   1.8090275e+02
   4.6369460e+02   3.7835809e+02
   3.7524437e+02  -7.6014622e+01
  -1.0713167e+02   4.7598096e+02
   2.2096354e+02   1.6123725e+02
   2.2969041e+02   4.8046496e+01
   5.0604570e+02  -2.6948455e+01
  -1.8515222e+01   1.9109515e+02
   1.8716482e+02   4.3657737e+02
  -1.6152199e+02   4.4231685e+02
   5.2088962e+02   3.0442439e+02
   3.5337943e+02   3.2403321e+02
   3.0515266e+02   8.2066000e+01
   3.2922774e+02  -3.6407184e+01
   4.1428753e+02  -7.3477248e+00
   2.7851677e+02   3.8596456e+02
   9.6472819e+01   1.0088586e+02
   1.4658901e+02   1.1394415e+02
   5.4131997e+02   3.0737069e+02
   4.8065289e+02   8.3625662e+01
   3.7207584e+02   2.5722535e+02
  -8.0986478e+01   8.7273323e+01
   3.9841488e+02  -4.6432874e+01
   4.1550417e+02   4.2786262e+02
   4.0781661e+02   5.0522010e+02
  -4.3992650e+01  -1.0717714e+02
   1.9979222e+02   1.0647306e+02
   1.3929396e+02   3.0769751e+02
   5.4427120e+02   2.5853727e+02
  -1.0268944e+01  -1.0378688e+02
   8.9725727e+01   5.7876109e+01
   2.0679260e+02  -7.3069759e+01
   6.0459870e+02   2.2451682e+02
   5.5866758e+02  -2.7380361e+02
   3.8095808e+01   2.8519548e+02
   1.0078351e+02   2.6861130e+02
   5.9545706e+02   2.8236271e+02
   2.3314893e+02   3.9692278e+02
   1.6461918e+02  -1.6744759e+02
   3.8732878e+02  -3.8343753e+01
   4.4803873e+02   1.4636961e+02
   3.3631382e+02   2.8167022e+02
   6.8718566e+01   3.7918656e+02
   6.0735505e+01   8.2548590e+01
   2.6709124e+02   4.3363549e+02
   4.9180462e+02   1.8244731e+02
   1.5270867e+01  -1.0921359e+02
   4.4578694e+01   3.1207905e+02
   1.7172313e+02  -3.8222842e+01
   3.2489645e+02   1.7592521e+02
   2.3302853e+02   4.6954024e+02
   4.7541434e+02   5.9739123e+01
   2.3073036e+02   3.3584043e+02
   3.1289363e+02   2.1304867e+02
   2.0438320e+02   1.2328127e+02
  -5.5405961e+01  -1.5299540e+02
   1.4156792e+02  -1.7733220e+02
   1.7463730e+02   2.6726654e+02
   3.0405799e+02   3.2993100e+02
   2.6458174e+02  -3.4414920e+02
   3.0249353e+02   1.2752707e+02
   2.9303724e+02   4.5426799e+02
   1.8037297e+02  -7.9821694e+01
  -4.5568986e+00  -6.0663221e+01
   2.8283533e+02   3.5597980e+01
   2.6557341e+02   3.1613979e+02
   2.1745805e+02   2.1544481e+02
   5.4608346e+02   4.2402899e+02
   2.7934158e+02   3.0146002e+02
   5.5000266e+01   4.5755432e+02
   5.6593959e+02  -4.3965097e+02
   2.8602769e+02   3.6946536e+02
   2.6021238e+02   2.6460976e+02
   2.8104682e+02   2.1073908e+02
  -1.3562275e+02  -1.0997277e+02
   5.4157939e+01   3.2300269e+02
   4.8351733e+02   1.2478226e+01
   2.6211065e+02   4.1157783e+02
   5.3480128e+02   5.0258984e+02
   4.4625067e+02   5.9606061e+01
   4.3319208e+02   1.4389370e+02
   4.6005329e+02   2.5797289e+02
   8.4282272e+01   4.2000378e+02
   4.3804598e+02   2.8955628e+02
   5.1662859e+02   1.8827972e+02
   6.3871060e+02  -3.1126374e+01
  -3.8501721e+00   3.7398380e+02
   4.9345760e+02   6.3169077e+01
   4.8574850e+02   3.6147942e+02
   3.9424547e+02   4.1931829e+02
   5.2584581e+02   2.0160610e+02
   2.7871063e+02   1.3151603e+02
   5.0258513e+02   4.7403907e+02
   2.4749739e+02   5.0548064e+01
   5.2010545e+02   2.1673286e+02
   2.6916583e+02   4.1971599e+02
   3.1824033e+02   3.1782132e+02
   9.4614655e+01   9.1018537e+01
   5.6448422e+02   1.1683156e+02
   4.3451679e+02   2.6269310e+02
   3.2272881e+02   4.5983270e+02
   1.9330705e+02   1.6332395e+02
   5.2689118e+02   3.9042000e+02
   6.3722442e+02  -3.4850595e+01
   2.4733557e+02   2.7163606e+02
   4.1276516e+02   3.6608945e+02
  -1.2761036e+01   1.6773164e+01
   2.6406792e+02   2.7531180e+02
  -9.0303318e+01  -2.8898201e+01
   5.5801767e+02   2.5472709e+02
   6.3701281e+02   2.1553134e+02
   2.2447072e+02   4.4605685e+02
   9.8661946e+01   1.4697121e+02
   1.4355176e+02   8.6737199e+01
   5.0908604e+02   3.2985318e+02
  -6.4879482e+01   1.2650409e+02
   5.6580445e+01   2.0454400e+02
  -1.2038575e+02  -2.6622408e+02
   2.5079079e+02   7.0309616e+01
   2.7619699e+02   2.8430482e+02
   4.2318764e+02   1.8452889e+02
   4.8874070e+02   6.7541423e+01
   6.5740890e+01  -2.1295765e+02
   2.9426541e+01   6.2843946e+01
   5.4669101e+02   1.7767563e+02
   5.3065235e+02  -1.0544395e+02
   4.4372416e+02   2.5090125e+02
   2.1150103e+02   1.6817240e+02
   2.1014740e+02   3.0197241e+02
   3.0535140e+02   1.4685725e+01
   2.5021763e+02   4.6646210e+02
   2.8707683e+02   2.7168079e+02
   6.0692983e+02   8.0749032e+01
   5.9718801e+02   4.1588704e+02
   2.5794674e+01   3.8446852e+02
   8.0406782e+01   1.0057930e+02
   6.3367880e+02   2.4407755e+02
   1.4271489e+02  -1.4782674e+02
   4.5052366e+01   7.4740490e+01
   4.6564050e+02   9.9974411e+01
   3.7551354e+02   4.6718999e+02
   2.2349978e+02  -1.1877516e+02
   4.0641969e+02   4.3532028e+02
   5.4932920e+02   2.2200006e+02
   1.9042505e+02   9.5388154e+01
   3.6308695e+02  -2.9815126e+02
   1.1503426e+02   5.7554386e+01
   2.5179591e+02   4.7460854e+02
   4.8868361e+02   4.4028630e+02
   2.4088124e+02   4.6848619e+02
   2.9736005e+02   3.0663401e+02
  -1.2092650e+01   7.9350136e+01
   5.1174223e+02  -2.0107136e+02
   4.7071147e+02   3.9701504e+02
   4.1619164e+02  -1.5914470e+01
   2.4941257e+01   2.2205755e+02
   1.7750671e+02   1.9673131e+02
   5.5493495e+02   2.4238802e+02
   2.8227223e+02   4.7178720e+02
   3.4231492e+02   1.6168934e+02
   5.7470796e+02   4.4542367e+02
  -6.7696165e+01   2.4859112e+02
   2.2680034e+02  -5.7832997e+01
   1.6542992e+02  -2.6228532e+02
   3.0857133e+02   4.9242589e+02
   5.1879236e+02   2.9969061e+01
   1.9874703e+02   4.7769259e+02
   3.5998449e+02   2.4704245e+02
   2.3038124e+02   4.1308162e+02
   6.3736104e+02   2.0337651e+02
   1.1769546e+02   2.2728071e+02
   2.2008341e+02   3.6735358e+01
   9.1362408e+01   4.5718037e+02
   3.4632234e+02   1.2297268e+02
   4.7610826e+02   4.4074958e+02
   3.9918176e+02  -2.9957124e+02
   8.0797120e+00   5.8210625e+01
   6.3420805e+02   1.6276989e+02
  -1.1887788e+00  -1.5398108e+02
   4.9041931e+02   1.0591566e+02
   3.3259558e+02   2.9127651e+02
   5.2673313e+02   4.5744397e+02
   1.7180254e+02  -1.4749267e+02
   4.2513633e+02  -5.1231783e+01
   4.4944748e+02   3.9798459e+02
   1.9499883e+02   1.6826165e+02
   2.3185418e+02  -2.0356236e+02
   1.1095129e+02   3.3047153e+02
   4.1860855e+02  -2.3841640e+02
   6.1695584e+02  -3.0637965e+02
   3.1736369e+02   3.9610854e-01
  -2.3286373e+02  -6.5016673e+01
   5.8339869e+02   5.0440174e+02
   3.1979547e+02   1.8991357e+02
   4.7427986e+02   2.8833918e+02
   3.3118378e+02   9.3962898e+00
  -8.2173817e+01   5.7662967e+01
   2.7168474e+02   5.0358252e+02
   2.5248633e+02   3.4688378e+02
   8.4428877e+01   1.8096282e+02
   3.0082893e+02   1.9330794e+02
   4.5747428e+02  -1.0988631e+02
   3.6067189e+02   2.9903489e+02
   4.5801376e+02   2.9428049e+02
   2.3485202e+02   3.2254034e+02
   4.2815804e+02   1.6823771e+02
   3.8994059e+02  -2.8085912e+02
   1.4607534e+01   3.0209581e+02
  -8.8068941e+01  -2.2280554e+02
   3.9695720e+02   1.6612911e+02
   1.6764960e+02   2.5938064e+01
   4.6523928e+02   9.3717399e+01
   5.6463909e+02   3.9979652e+02
   4.2099508e+02   4.0273085e+02
   1.8927421e+02   3.3359458e+02
   2.5429473e+01   2.1423471e+02
   2.6180076e+02   3.5881931e+02
  -5.5587225e+01   4.4823881e+01
  -1.6680241e+02   2.0042330e+02
   2.6302928e+02   1.0569431e+02
   1.8460412e+02  -9.8226433e+01
   3.8724011e+02   4.4829467e+02
   1.6814300e+02   1.2417093e+01
   2.1868314e+02  -2.1876576e+02
   4.9768075e+02   2.6669370e+02
   1.7135200e+02   9.7391803e+01
   8.3899247e+01  -1.0393613e+01
   2.5404419e+02   1.8841845e+02
   6.2593135e+02   7.5162142e+01
   4.4565144e+02   2.6768312e+01
   4.6123950e+02   1.1344271e+01
   5.7502376e+01   1.6195695e+02
   3.0675578e+02   4.4996266e+02
   3.5368663e+02   4.8951632e+02
   2.9256726e+02   4.5199752e+02
  -1.5791544e+02   2.0281441e+01
  -2.3450074e+01  -1.8947448e+02
   4.7060116e+02   2.1808890e+02
   2.2069654e+02   3.3750718e+02
   3.7315355e+02   7.7184307e+01
   6.0904916e+02  -2.5792899e+02
   5.1191061e+02   1.1529808e+02
   3.4621174e+02  -3.3459244e+01
   3.0731014e+02   3.9016045e+02
   8.1935456e+01   4.4671950e+01
   4.5645429e+01   1.5001300e+02
   6.2277241e+02   4.5770145e+02
   5.3695579e+02   5.3160132e+01
   3.9190539e+02   4.3158048e+02
   4.4632925e+02   7.8393566e+01
   1.6050547e+02   4.6165708e+02
   1.6376473e+02   1.1736791e+01
   5.7076147e+02   2.6887591e+02
   1.3419455e+02   1.2742954e+02
  -3.8911184e+01   3.3839946e+00
   3.5737374e+02   4.9601013e+01
  -9.2241582e+01   2.8751407e+02
  -1.2056314e+02  -2.4614541e+02
   7.2572095e+01   1.0786576e+02
  -2.0721200e+02  -1.8489924e+01
   2.4765959e+02   1.5929227e+02
   4.0183878e+02   2.1922743e+02
   4.1511170e+02  -6.8542145e+01
  -1.8805330e+02   3.7207916e+02
   4.4495531e+02   5.0116654e+02
   1.8971386e+02   2.0907771e+02
   5.2170202e+02   4.2697107e+02
   5.4238204e+02  -4.1423090e+02
   5.5931952e+02   4.6383363e+02
   6.3625476e+02   2.3321528e+02
   3.0717923e+02   2.2585562e+02
   4.1566634e+02   2.2137176e+02
  -6.0132761e+01  -8.7456976e+01
   1.2856987e+01   3.0970996e+02
   2.1076264e+02  -1.1485244e+01
   6.2427103e+02  -1.4206896e+02
   6.2670821e+02   1.4468516e+02
   5.0935997e+02   3.7027914e+02
   1.8340943e+02   2.8155402e+02
   5.5958344e+02   5.1052358e+02
   3.6524795e+01   2.8154408e+02
   1.9354613e+02   1.0817196e+02
   6.3115688e+02   2.8234339e+02
   2.1436611e+02   2.1821865e+02
   4.9954339e+02   3.8873467e+02
  -5.7410193e+00   2.3491035e+02
   5.9870911e+02   4.9933661e+02
  -1.6219040e+01   5.1758238e+01
  -3.0842747e+01  -2.5819283e+02
  -2.1781184e+01   1.7530924e+02
   5.3747224e+02   2.6661717e+02
   5.4225056e+02   4.5572321e+01
  -2.0305019e+01   6.1327826e+01
   4.8023429e+02   3.6896913e+02
   5.3369733e+02   3.7494456e+02
   6.3389782e+02   1.1066069e+02
   4.0729609e+02   1.1675577e+02
  -1.2551239e+02   6.4984472e+01
  -3.2445093e-01   1.2072956e+02
   6.1609466e+02   4.1116152e+02
   5.8497748e+02   5.0049923e+02
   3.9645693e+02   3.3511508e+02
   5.2504064e+02   1.3683781e+02
   4.2269541e+02   4.1861007e+02
   4.9930758e+02  -2.4212389e+02
   4.7283443e+02   3.0814910e+02
   5.6266503e+02   2.4235146e+02
   6.0831533e+02   1.3806823e+02
   4.7855139e+02   1.7968169e+02
   1.0691670e+02   2.3370819e+02
  -7.4369107e+01  -3.2724795e+02
   2.0299991e+02   3.6324040e+02
   2.2117897e+02   2.8293022e+02
   5.2770558e+02   4.0012535e+02
   6.2943651e+02   4.5710091e+02
   5.8245661e+02   1.2975030e+02
   6.0724164e+02   3.8670474e+02
   2.3559387e+02   1.0660280e+02
   4.8075861e+02   7.5798548e+01
   4.8137743e+02  -1.4646934e+02
   1.3868990e+00  -3.2040942e+02
   8.1887206e+01  -5.9526913e+01
  -5.8845454e+01   1.2233526e+02
   7.0132844e+01  -1.8321010e+02
  -3.8230126e+01  -4.4779166e+01
   6.3383081e+00   2.3641423e+02
   5.6027737e+02   4.2790046e+02
  -1.5792590e+02   4.1019213e+02
   4.7367476e+02  -5.5983862e+01
   3.6932764e+02   1.1585332e+02
   3.9731357e+02   2.8752498e+02
   1.7317808e+02   3.9845908e+02
   2.6310514e+02   2.7456928e+02
   6.0226247e+01   3.3194644e+02
   3.3474283e+02   2.4760175e+01
   6.2634457e+02  -4.8899866e+01
   5.1215884e+02  -1.6878929e+02
  -3.6124279e+01  -1.5062480e+02
  -9.0047100e+01   5.8302914e+01
   2.1506568e+02   4.7865357e+02
   2.6794496e+02   2.1217671e+02
   3.9011431e+02   1.8947522e+02
   4.0745918e+02   2.7695128e+02
   3.0549172e+02  -1.9530637e+00
   2.2860717e+02   3.7882010e+02
   3.1049544e+02   1.3954200e+02
   2.7036642e+02   2.2850117e+02
   4.6961855e+02   2.3547075e+02
   3.0998806e+02   3.9523203e+02
   5.1151447e+02   3.4741098e+02
   4.8491986e+02  -4.6246843e+01
   5.2283391e+01   4.7751652e+02
   4.4104456e+02   3.6605183e+02
   4.8844821e+01   8.3679589e+01
  -1.5498251e+02  -2.4227909e+02
   2.5215887e+02  -9.0508740e+01
   6.2711086e+02  -2.3698684e+00
   6.1228403e+02   1.9457830e+02
   4.7411157e+01   1.7813573e+02
   4.3145704e+02   1.7191052e+02
   1.6370040e+02   2.4497568e+02
   1.2186884e+01  -1.5102641e+02
   5.7473320e+02   2.7680357e+02
   1.4403399e+02   9.8341851e+01
   4.3700230e+02   3.3227605e+01
   3.2857137e+02   4.1998253e+02
   4.6005947e+02   2.9487464e+02
   2.5359001e+02   1.7583081e+02
   4.9817429e+02   2.7553633e+02
   3.2010478e+02   5.5565431e+01
   2.6554026e+02   7.4047909e+01
   3.7720763e+02   5.0087933e+02
   1.2048423e+02  -5.6635014e+01
   5.5114506e+02   4.9001881e+02
   4.3338945e+02   1.2152403e+02
   1.8993053e+02   3.8995981e+02
   4.0872101e+02   1.0009234e+02
   5.4256322e+02   2.1029708e+02
   2.7561920e+02   2.0689389e+02
   4.9250291e+02   4.4134458e+02
   4.5156105e+02   3.6714145e+02
   5.6288163e+02   2.2511875e+02
   6.0963488e+02   1.4174886e+02
   5.5205984e+02   2.3628389e+01
   3.3302351e+02   2.7298435e+01
   6.2244492e+02   4.8238165e+02
   1.9371947e+02   4.1711522e+02
   3.3687407e+02   1.6135754e+02
   3.6437868e+02   1.2943481e+02
   3.9589464e+02   2.7936577e+02
   4.7460244e+02  -1.3213680e+02
   4.0943369e+02   3.7682860e+02
   1.2406552e+02  -1.3068532e+02
   6.2448103e+02   4.4712774e+02
   5.4628429e+02  -2.3589709e+01
   4.9983721e+02  -1.6697221e+02
   1.8908553e+01  -4.3488397e+01
   4.6097941e+02   3.7898424e+02
   3.4391214e+01  -2.9031031e+02
   3.0633195e+02   4.5047652e+02
   8.6776609e+01   2.5053907e+02
   4.9400074e+02   1.9871877e+02
   4.5810097e+02   1.9493960e+02
   5.2680811e+02   3.5180777e+02
  -2.4229841e+02   3.6365483e+02
   2.1092445e+02   6.6952154e+01
   6.0094154e+02   1.1294343e+02
   5.7545784e+02   2.2931167e+02
   6.2117252e+02   4.3818883e+02
   3.7715950e+02   5.2096615e+01
   6.2839682e+02   2.4290956e+02
   6.2281877e+02   3.4337401e+02
   4.2711592e+02   1.1356486e+02
   5.5481903e+02   4.5019834e+02
   3.8036046e+02   3.0092835e+02
   2.9131073e+02   2.2344031e+02
   6.9460480e+00   9.1835225e+01
   3.6513240e+02   3.6145353e+02
   1.9765524e+02   1.7291646e+01
   3.7199528e+02   4.4710312e+02
   4.7192197e+02   4.5615063e+02
   5.2988489e+02   4.4190778e+02
   2.2892609e+02   3.1176204e+02
   5.0515313e+02   9.1265964e+01
   3.2001021e+02  -7.4908165e+00
   3.6832259e+02   8.0316777e+01
   3.4766211e+02  -5.7430483e+01
   3.0403527e+02  -1.1362160e+02
   2.7993678e+02   2.5564944e+02
   5.5951813e+02  -4.3565935e+01
   4.5619002e+02   3.7646332e+01
   5.7779938e+02   1.2858487e+02
   4.9181681e+02   2.6088736e+02
   2.5571358e+02   1.1833995e+02
   5.3175365e+02   2.7997080e+02
   4.5104675e+02   7.0756944e+01
   8.2443843e+01   1.4051800e+02
   3.8142917e+02   4.1926075e+02
  -1.4353619e+02  -1.0129455e+02
   2.5223118e+01   5.8029061e+01
  -1.5934549e+00   5.7443087e+01
   6.1784711e+02   2.5503662e+02
   3.2201068e+02   3.7073288e+02
  -9.4052331e+01   3.7367555e+02
   2.6364089e+02   6.2988333e+01
   5.3968573e+02   1.9116518e+02
   1.5519654e+02   5.9062020e+01
   6.2167875e+02   4.5754045e+02
   4.8824121e+02   2.9278121e+02
   2.1890630e+02   1.4639874e+02
   5.4615801e+02  -1.1436105e+02
   4.0192788e+02  -3.7223076e+01
   5.1656810e+02   4.9364421e+02
   4.5691804e+02   3.7531555e+02
   4.4680826e+02   5.1634444e+01
   3.2185959e+02   1.2742978e+02
  -1.0693155e+02   5.0225356e+02
   5.3709083e+02   7.6784749e+01
   4.4401820e+02   3.5565198e+02
   4.2613961e+02  -3.2074951e+01
   1.3577094e+02   4.4840916e+02
   2.5533096e+02  -1.8328736e+01
   3.6410510e+02   1.4524483e+01
   3.3067121e+02   3.3333261e+02
   4.4382400e+02   1.5024898e+02
   2.5370736e+02   7.7489551e+00
   2.1089223e+02  -5.9982789e+01
   2.4607377e+02   3.8808215e+02
   4.2083636e+02   3.1473745e+02
   3.6588244e+02   5.0935640e+02
   4.9546283e+02   4.3628816e+02
   2.1444029e+02   1.3846031e+02
   6.3226997e+02  -4.3974365e+01
  -1.5835915e+02   4.4538659e+02
   2.6845129e+02   4.2361575e+02
  -1.0212804e+02   7.0331661e+01
   4.6793795e+02   1.1044893e+02
   4.1076170e+02  -1.5345015e+02
   3.3920048e+02   1.9867255e+02
   2.0535753e+02   4.6243391e+02
   5.6906265e+00  -1.7888928e+02
   4.8399921e+02   2.6892341e+02
   2.7137164e+02   1.7482441e+02
   9.4525681e+01   1.4387841e+02
   5.5513442e+02   2.4556512e+01
   6.1849543e+02   2.6477341e+02
   1.3020123e+02   2.6808423e+02
   2.3091551e+02   2.5618830e+02
   2.5377154e+02   2.3669267e+02
   2.5406019e+02   5.1063913e+02
   3.8201098e+02   2.0886183e+02
   5.0286466e+02   1.8464517e+02
   6.1118885e+02   3.7413642e+02
   5.5936729e+02   6.0895770e+01
   1.7995454e+02   4.7889879e+02
   4.7509348e+02   1.9464571e+02
   5.0401769e+02   4.5398009e+02
   3.3243110e+02   2.0573427e+02
   3.7137347e+02   5.0924713e+02
   5.1343890e+02   2.1362313e+02
   2.6339966e+02   7.8668879e+01
  -2.5596944e+02   4.5749944e+02
   5.7253260e+02   1.1529254e+02
   3.0173242e+02   3.1429556e+02
   2.1909512e+02   4.1040598e+02
   5.4631688e+02   2.7869426e+02
   1.4151372e+02   4.4036043e+00
   2.3758135e+02   3.3375987e+02
   1.3315843e+02   1.6684951e+02
   1.3183912e+02   8.8412225e+01
   2.2040203e+02  -4.1737668e+01
  -2.7544391e+01   4.4744842e+02
   2.3983781e+02   3.1816588e+02
   1.5906369e+02   1.0216459e+01
   5.8920151e+02   3.0730915e+02
   3.1395838e+02   6.1649310e+01
   5.8859009e+01  -3.1496961e+02
   3.8029725e+02   4.5569550e+02
   3.7807094e+02   1.4795046e+02
   1.4448053e+02   5.0130837e+02
   1.3236103e+02   3.2027481e+02
   3.1107096e+02   3.9836473e+02
   1.7908069e+02   8.9299646e+01
   2.7571998e+02  -1.1575095e+02
   3.1730161e+02   3.5507447e+02
   4.9999189e+02   2.8955511e+02
   1.8928606e+02  -3.1242690e+02
   3.6557300e+02   2.4142336e+02
   4.1375183e+02   1.0014988e+02
   4.8450251e+02   2.0230777e+02
