   5.6500000e+02   8.3000000e+01
   5.5900000e+02   1.1700000e+02
   5.5300000e+02   1.5100000e+02
   5.4700000e+02   1.8400000e+02
   5.4100000e+02   2.1500000e+02
   5.3600000e+02   2.4600000e+02
   5.3100000e+02   2.7600000e+02
   5.2500000e+02   3.0500000e+02
   5.2000000e+02   3.3300000e+02
   5.3100000e+02   8.1000000e+01
   5.2600000e+02   1.1600000e+02
   5.2000000e+02   1.4900000e+02
   5.1500000e+02   1.8100000e+02
   5.1000000e+02   2.1300000e+02
   5.0500000e+02   2.4300000e+02
   5.0000000e+02   2.7300000e+02
   4.9600000e+02   3.0200000e+02
   4.9100000e+02   3.3000000e+02
   4.9900000e+02   8.0000000e+01
   4.9400000e+02   1.1400000e+02
   4.8900000e+02   1.4700000e+02
   4.8400000e+02   1.7900000e+02
   4.7900000e+02   2.1000000e+02
   4.7500000e+02   2.4000000e+02
   4.7100000e+02   2.7000000e+02
   4.6600000e+02   2.9900000e+02
   4.6200000e+02   3.2600000e+02
   4.6700000e+02   7.8000000e+01
   4.6200000e+02   1.1200000e+02
   4.5800000e+02   1.4500000e+02
   4.5300000e+02   1.7700000e+02
   4.4900000e+02   2.0800000e+02
   4.4500000e+02   2.3800000e+02
   4.4100000e+02   2.6700000e+02
   4.3700000e+02   2.9500000e+02
   4.3400000e+02   3.2300000e+02
   4.3500000e+02   7.7000000e+01
   4.3100000e+02   1.1000000e+02
   4.2700000e+02   1.4300000e+02
   4.2300000e+02   1.7400000e+02
   4.1900000e+02   2.0500000e+02
   4.1600000e+02   2.3500000e+02
   4.1200000e+02   2.6400000e+02
   4.0900000e+02   2.9200000e+02
   4.0600000e+02   3.2000000e+02
   4.0400000e+02   7.5000000e+01
   4.0000000e+02   1.0800000e+02
   3.9700000e+02   1.4100000e+02
   3.9300000e+02   1.7200000e+02
   3.9000000e+02   2.0300000e+02
   3.8700000e+02   2.3200000e+02
   3.8400000e+02   2.6100000e+02
   3.8100000e+02   2.8900000e+02
   3.7800000e+02   3.1700000e+02
   3.7300000e+02   7.4000000e+01
   3.7000000e+02   1.0700000e+02
   3.6700000e+02   1.3900000e+02
   3.6400000e+02   1.7000000e+02
   3.6100000e+02   2.0000000e+02
   3.5900000e+02   2.3000000e+02
   3.5600000e+02   2.5900000e+02
   3.5300000e+02   2.8600000e+02
   3.5100000e+02   3.1400000e+02
   3.4300000e+02   7.2000000e+01
   3.4000000e+02   1.0500000e+02
   3.3800000e+02   1.3700000e+02
   3.3500000e+02   1.6800000e+02
   3.3300000e+02   1.9800000e+02
   3.3100000e+02   2.2700000e+02
   3.2900000e+02   2.5600000e+02
   3.2600000e+02   2.8400000e+02
   3.2400000e+02   3.1100000e+02
   3.1300000e+02   7.1000000e+01
   3.1100000e+02   1.0300000e+02
   3.0900000e+02   1.3500000e+02
   3.0700000e+02   1.6600000e+02
   3.0500000e+02   1.9600000e+02
   3.0300000e+02   2.2500000e+02
   3.0100000e+02   2.5300000e+02
   3.0000000e+02   2.8100000e+02
   2.9800000e+02   3.0800000e+02
