   0.0000000e+00   0.0000000e+00   0.0000000e+00
   4.0000000e+01   0.0000000e+00   0.0000000e+00
   8.0000000e+01   0.0000000e+00   0.0000000e+00
   1.2000000e+02   0.0000000e+00   0.0000000e+00
   1.6000000e+02   0.0000000e+00   0.0000000e+00
   2.0000000e+02   0.0000000e+00   0.0000000e+00
   2.4000000e+02   0.0000000e+00   0.0000000e+00
   2.8000000e+02   0.0000000e+00   0.0000000e+00
   0.0000000e+00   4.0000000e+01   0.0000000e+00
   4.0000000e+01   4.0000000e+01   0.0000000e+00
   8.0000000e+01   4.0000000e+01   0.0000000e+00
   1.2000000e+02   4.0000000e+01   0.0000000e+00
   1.6000000e+02   4.0000000e+01   0.0000000e+00
   2.0000000e+02   4.0000000e+01   0.0000000e+00
   2.4000000e+02   4.0000000e+01   0.0000000e+00
   2.8000000e+02   4.0000000e+01   0.0000000e+00
   0.0000000e+00   8.0000000e+01   0.0000000e+00
   4.0000000e+01   8.0000000e+01   0.0000000e+00
   8.0000000e+01   8.0000000e+01   0.0000000e+00
   1.2000000e+02   8.0000000e+01   0.0000000e+00
   1.6000000e+02   8.0000000e+01   0.0000000e+00
   2.0000000e+02   8.0000000e+01   0.0000000e+00
   2.4000000e+02   8.0000000e+01   0.0000000e+00
   2.8000000e+02   8.0000000e+01   0.0000000e+00
   0.0000000e+00   1.2000000e+02   0.0000000e+00
   4.0000000e+01   1.2000000e+02   0.0000000e+00
   8.0000000e+01   1.2000000e+02   0.0000000e+00
   1.2000000e+02   1.2000000e+02   0.0000000e+00
   1.6000000e+02   1.2000000e+02   0.0000000e+00
   2.0000000e+02   1.2000000e+02   0.0000000e+00
   2.4000000e+02   1.2000000e+02   0.0000000e+00
   2.8000000e+02   1.2000000e+02   0.0000000e+00
   0.0000000e+00   1.6000000e+02   0.0000000e+00
   4.0000000e+01   1.6000000e+02   0.0000000e+00
   8.0000000e+01   1.6000000e+02   0.0000000e+00
   1.2000000e+02   1.6000000e+02   0.0000000e+00
   1.6000000e+02   1.6000000e+02   0.0000000e+00
   2.0000000e+02   1.6000000e+02   0.0000000e+00
   2.4000000e+02   1.6000000e+02   0.0000000e+00
   2.8000000e+02   1.6000000e+02   0.0000000e+00
   0.0000000e+00   2.0000000e+02   0.0000000e+00
   4.0000000e+01   2.0000000e+02   0.0000000e+00
   8.0000000e+01   2.0000000e+02   0.0000000e+00
   1.2000000e+02   2.0000000e+02   0.0000000e+00
   1.6000000e+02   2.0000000e+02   0.0000000e+00
   2.0000000e+02   2.0000000e+02   0.0000000e+00
   2.4000000e+02   2.0000000e+02   0.0000000e+00
   2.8000000e+02   2.0000000e+02   0.0000000e+00
   0.0000000e+00   2.4000000e+02   0.0000000e+00
   4.0000000e+01   2.4000000e+02   0.0000000e+00
   8.0000000e+01   2.4000000e+02   0.0000000e+00
   1.2000000e+02   2.4000000e+02   0.0000000e+00
   1.6000000e+02   2.4000000e+02   0.0000000e+00
   2.0000000e+02   2.4000000e+02   0.0000000e+00
   2.4000000e+02   2.4000000e+02   0.0000000e+00
   2.8000000e+02   2.4000000e+02   0.0000000e+00
   0.0000000e+00   2.8000000e+02   0.0000000e+00
   4.0000000e+01   2.8000000e+02   0.0000000e+00
   8.0000000e+01   2.8000000e+02   0.0000000e+00
   1.2000000e+02   2.8000000e+02   0.0000000e+00
   1.6000000e+02   2.8000000e+02   0.0000000e+00
   2.0000000e+02   2.8000000e+02   0.0000000e+00
   2.4000000e+02   2.8000000e+02   0.0000000e+00
   2.8000000e+02   2.8000000e+02   0.0000000e+00
