   1.9520531e+00   2.0081850e+00
   1.9837178e+00   1.9958235e+00
   2.0160928e+00   2.0437813e+00
   1.9565662e+00   1.9968480e+00
   2.0338459e+00   1.9917721e+00
   1.9837644e+00   2.0042710e+00
   1.9335685e+00   2.0312111e+00
   2.0374505e+00   1.9879187e+00
   2.0781836e+00   2.0571915e+00
   2.1521036e+00   1.9096000e+00
   1.9949563e+00   1.9298585e+00
   2.0572812e+00   2.0307409e+00
   1.9994922e+00   1.9966454e+00
   1.9894851e+00   1.9721287e+00
   2.0342281e+00   1.9927628e+00
   2.0266067e+00   1.9956737e+00
   2.0053862e+00   2.0367005e+00
   1.9028645e+00   2.0041986e+00
   1.9640703e+00   1.9850228e+00
   9.9973224e-02   9.7124542e-02
