  -6.1805630e-01  -1.8596221e+00   8.7967016e+00
   7.4482657e-01   5.1433806e-01   6.6477903e+00
  -3.2187009e-01   6.8394570e-01   5.4166239e+00
  -1.7771051e+00  -1.4821936e+00   7.2932284e+00
  -6.0753309e-01   1.0183409e+00   5.4734754e+00
  -1.1603365e+00  -8.1895035e-01   6.7052878e+00
  -5.9641675e-02  -1.7680150e+00   6.4271074e+00
  -5.7051639e-01  -1.4992670e+00   7.6366225e+00
  -1.2727194e+00   2.2907772e-01   5.0746369e+00
   1.2606160e+00   1.5643389e+00   6.8740741e+00
  -2.5567432e-01   5.6733421e-01   5.8107188e+00
   1.7270309e+00  -1.0171258e+00   8.7767868e+00
  -2.3259602e-01   4.6980380e-02   7.7826707e+00
  -1.7567926e+00   3.7797939e-01   5.5058748e+00
   4.4694505e-01   8.1946442e-01   8.6406131e+00
  -1.7738717e+00   6.7851986e-01   6.3054270e+00
   1.8514871e+00  -1.6514539e+00   8.0246321e+00
  -1.1286597e+00  -9.8839068e-01   4.6242809e+00
   1.2234533e+00  -4.2908023e-01   8.8353168e+00
   8.8388126e-01  -9.4224917e-01   6.8313763e+00
  -1.3023549e+00  -1.9242019e-01   6.4938118e+00
  -3.5699394e-01   1.3347183e+00   6.9350514e+00
  -1.8823770e-01  -9.8319215e-01   6.1401003e+00
  -1.8190113e+00  -1.1618502e+00   5.1802931e+00
  -1.8722582e+00  -9.0048216e-01   6.3590059e+00
  -2.5142629e-01   8.8987365e-01   7.3058642e+00
  -9.1097397e-01   4.5240832e-02   8.9013911e+00
  -1.2612635e+00  -1.4381666e+00   8.4984673e+00
  -1.1717006e+00  -1.7043674e+00   7.9313740e+00
   1.5002937e+00   1.5850208e-01   6.7400320e+00
   8.0938284e-01   1.4510717e+00   8.3457164e+00
  -1.0121307e+00  -1.0984782e+00   4.5952562e+00
   6.8171854e-01   1.3171357e+00   5.4626104e+00
   1.5392178e+00   4.8291297e-01   6.3936692e+00
   5.0842946e-01  -1.4236077e-02   7.8920278e+00
   1.8606730e+00   1.2588262e+00   6.1773030e+00
  -1.2914372e+00  -4.5342651e-01   8.1389609e+00
   9.4978194e-01   5.2071216e-01   4.7032334e+00
   1.7139617e+00   7.8881984e-02   7.2191632e+00
  -1.4188167e+00   1.3339850e+00   6.8527792e+00
   1.3025865e+00  -1.1757547e+00   4.7334711e+00
  -3.5015744e-01   1.3657720e+00   8.0975459e+00
  -1.5893837e+00  -1.6161940e-01   5.3015085e+00
  -1.1981167e+00  -1.0180368e+00   7.4155368e+00
   5.9690512e-01  -4.5422530e-01   8.9021931e+00
  -1.1864371e+00   5.7182777e-01   6.3377602e+00
  -2.4266260e-01  -7.0489914e-01   7.4317884e+00
  -9.8167962e-01  -1.4873138e+00   4.8319622e+00
  -1.9265929e+00  -1.4905637e+00   5.0809896e+00
   5.5824576e-01  -2.4393547e-01   5.3054393e+00
   1.4423798e+00  -1.7220668e+00   6.6648935e+00
   1.5822342e+00   2.2001505e-01   8.3586613e+00
  -9.9087855e-02   8.7313389e-01   6.7271627e+00
  -1.0158393e+00   1.1411089e+00   6.4247728e+00
  -1.3779068e+00  -6.3890889e-01   4.1450519e+00
   8.1701673e-01   9.2327789e-01   4.4395967e+00
  -1.9534167e+00   8.1164367e-01   6.5038557e+00
  -1.0385109e+00   9.4902319e-02   6.0929496e+00
  -8.6654231e-01   5.8538733e-01   4.2190786e+00
  -5.1334289e-01   1.4797116e+00   6.3941329e+00
  -4.1302979e-01   4.9580728e-01   6.5909696e+00
  -1.2505472e+00  -1.5211995e+00   7.1390649e+00
   1.5793551e+00  -7.3558601e-01   6.4154997e+00
  -1.6435960e+00   1.4143708e+00   6.9631274e+00
   8.7909499e-01  -1.0023865e+00   6.7505809e+00
  -1.5205104e+00   2.6878629e-02   5.8542042e+00
  -1.5951219e+00  -1.0921561e+00   6.8925453e+00
   6.3344395e-03  -8.4947219e-01   6.6599624e+00
   1.3559148e+00  -6.0261850e-01   7.2795134e+00
   1.0047392e+00  -6.1061877e-01   8.9505082e+00
   4.1485849e-01  -1.9834149e+00   8.9588696e+00
   7.0758226e-01   7.0207111e-01   4.1167177e+00
   1.2828392e+00  -7.9037071e-01   4.7506389e+00
  -8.8062097e-01  -6.6728422e-01   5.5136716e+00
   7.2455113e-02   1.1548954e+00   5.6875259e+00
   3.6603036e-01   2.6125002e-01   5.1121672e+00
   1.1108760e+00  -3.8046860e-01   4.8737290e+00
  -7.7795451e-01   1.2157758e+00   8.5706285e+00
   1.4451662e+00   1.7054642e+00   8.0174309e+00
  -3.4082746e-01  -7.6121046e-01   5.7157426e+00
   2.5302253e-01  -9.8688917e-01   4.6087056e+00
  -1.5772241e+00   7.8157082e-01   8.3918646e+00
   3.0263354e-01   2.6762825e-02   8.7439722e+00
  -1.8468488e+00  -1.2854277e+00   7.2686393e+00
  -1.2416860e+00  -1.6464966e+00   6.2313213e+00
  -7.8180553e-01  -9.4263434e-02   5.7466863e+00
  -1.2330772e+00  -1.4609854e+00   6.2969526e+00
  -4.6853669e-01   1.3252258e+00   5.5089842e+00
  -1.4907324e+00   8.9002744e-01   8.0239355e+00
   1.3023541e+00  -6.8700557e-01   5.6243994e+00
  -1.3850023e+00  -8.5798648e-01   6.0477904e+00
   1.7726714e+00   1.4728362e-01   5.6427352e+00
   1.8235198e+00   1.2930957e+00   8.7700899e+00
  -3.4140445e-01  -1.4686901e+00   6.4689146e+00
  -6.0234219e-01  -1.7907394e+00   7.8117889e+00
  -3.5325133e-02  -1.3277245e+00   5.6561351e+00
   1.2121310e+00  -1.3315457e+00   6.9195449e+00
  -1.8479473e+00  -4.1608596e-01   5.7591414e+00
  -1.6553172e+00  -1.6208249e+00   6.5751237e+00
  -7.6173957e-01   5.3372063e-01   4.8783299e+00
  -4.9142921e-01   1.3010862e+00   6.6161625e+00
  -9.9198450e-01  -1.1217930e+00   8.3669587e+00
  -1.4537442e+00  -1.9321261e+00   7.4815638e+00
   1.5164950e-01  -1.1857071e+00   4.1321649e+00
   1.6105056e+00   1.7612116e+00   8.9305539e+00
  -1.5847441e+00   2.5414488e-01   6.1966548e+00
   1.5130250e-01   1.0272431e+00   6.0063617e+00
  -7.7426055e-01   1.9350537e-01   6.0730574e+00
   1.1528809e-01  -8.3397588e-01   6.4369156e+00
   1.5108307e+00  -1.0552502e+00   7.5859484e+00
  -7.5816981e-01   8.3613540e-01   4.3045572e+00
  -9.1022303e-03  -3.8658114e-01   7.7858058e+00
   3.4471897e-01  -2.9586095e-01   8.7912496e+00
  -1.8345604e+00  -1.1509465e+00   6.2226764e+00
   8.0615200e-01  -2.3228038e-01   6.7055096e+00
  -1.0913447e-01   1.3157439e+00   8.4231067e+00
  -1.8823872e+00  -8.5164953e-01   4.3888346e+00
   8.3483612e-01  -8.7973110e-01   6.9712224e+00
  -1.3838961e-02   1.0435894e+00   8.7551572e+00
  -1.0349991e+00   7.4956244e-01   4.0816874e+00
   1.4895960e+00   3.4327895e-01   7.3256290e+00
   7.3783534e-01   7.5070220e-01   6.4334654e+00
  -9.4870956e-01  -1.1930158e+00   6.4225972e+00
   1.9670286e+00  -1.8783881e-01   8.6271577e+00
  -1.6348688e-01  -7.1184942e-01   8.1450754e+00
   3.7332366e-01  -1.5409851e+00   4.4136643e+00
  -3.7022841e-01  -9.8081534e-01   7.7542680e+00
  -1.1204443e+00   1.1579973e+00   6.6611683e+00
  -7.5984707e-01   6.4585401e-01   4.5381600e+00
  -1.2147426e+00  -1.4052681e+00   5.3078942e+00
   1.3229884e+00  -1.5282636e+00   5.2736742e+00
   6.4994016e-01  -1.4933333e+00   5.2141143e+00
  -1.6158108e+00   1.1876255e+00   4.6946996e+00
  -1.5894286e+00  -9.0803340e-02   4.4086495e+00
   3.7035286e-01  -1.4098699e+00   8.5332779e+00
  -6.0281296e-01  -8.0798532e-01   6.2698283e+00
   7.4375691e-01  -1.8569519e+00   7.3605112e+00
   9.2930236e-01  -1.5442182e+00   6.0926221e+00
   7.2368211e-01  -2.0209268e-01   5.7763786e+00
   3.5443528e-01  -1.9900256e-01   7.5137902e+00
  -1.9929990e+00   1.2902410e-01   6.7025449e+00
   1.0697464e+00  -1.4894386e+00   4.1904334e+00
  -3.8113000e-01  -1.3059726e+00   8.0705385e+00
  -3.6416946e-02  -3.8422806e-01   8.6257141e+00
   1.1244338e+00   6.2326880e-01   8.4760238e+00
   5.6664888e-01  -3.6714643e-01   5.3926149e+00
  -1.9625541e+00  -1.1555915e+00   6.2787117e+00
   1.1804875e+00  -1.5749741e+00   7.3853318e+00
  -1.3308038e+00  -1.1845755e-01   4.2709403e+00
   5.5140557e-01  -1.0439142e+00   5.0642492e+00
   1.2456907e-01  -1.7743368e+00   6.3371484e+00
  -1.8384850e+00   1.5174505e+00   8.7457620e+00
  -1.8424862e+00   1.4678965e+00   7.1435882e+00
   1.1087648e+00  -1.2453366e-01   8.8520899e+00
   9.6316347e-01   5.8212308e-01   8.8316046e+00
   2.2141862e-01   7.3511056e-01   8.7936195e+00
  -7.2436826e-01   1.0696530e+00   7.1841694e+00
  -1.9130341e+00  -1.6340965e+00   7.8948402e+00
  -1.8849307e+00  -1.5373600e+00   4.3433068e+00
  -5.0973696e-01  -1.5121703e+00   4.2098153e+00
   3.6201740e-01   1.9241688e+00   8.6389488e+00
  -9.5989841e-01  -1.0779925e+00   8.6710877e+00
   2.2491717e-01   1.4015150e+00   7.6405488e+00
  -1.0316380e+00   8.9973361e-01   5.1988025e+00
  -1.2008456e+00  -1.4385172e-01   6.3000817e+00
  -1.4995545e-01  -1.5483873e-01   7.3553145e+00
  -1.0789327e+00  -2.2144169e-02   8.3536555e+00
  -2.3593327e-01   2.3383705e-01   4.1194642e+00
   2.6028224e-01  -7.1851460e-01   6.3995174e+00
   1.8327214e+00  -1.6571043e+00   8.6875856e+00
   1.1310505e+00  -3.9528616e-01   4.2391359e+00
  -1.3010620e+00   1.6669430e+00   7.1602380e+00
  -5.0187754e-01  -7.2539513e-01   4.0444825e+00
   1.2537444e+00   3.7715170e-02   7.3135364e+00
  -6.5597825e-01  -6.8569560e-01   7.7690032e+00
  -1.2131427e+00  -7.6137432e-01   4.7380109e+00
   6.0187147e-01  -1.1259712e+00   5.1989588e+00
  -1.3544954e+00   1.9148875e+00   7.5629072e+00
  -4.4227943e-01  -1.6819975e+00   4.6808546e+00
   9.0129806e-01  -1.7661894e+00   6.9854074e+00
   1.8675524e+00   1.4245903e+00   6.4987612e+00
  -1.2656489e+00  -1.6848088e-01   4.2234429e+00
   2.1122563e-01   1.6862316e+00   6.8015089e+00
   8.1360547e-04   8.3395997e-01   8.6890586e+00
  -1.2310547e+00   3.7991112e-01   7.8633049e+00
   2.0437049e-01  -1.3185318e+00   7.9894449e+00
  -1.6935520e+00   1.4844365e+00   6.6798861e+00
  -1.7483379e+00  -1.1391161e+00   7.3113978e+00
  -1.1069012e+00   5.9309286e-01   4.5818006e+00
  -1.0620319e+00   1.0324430e+00   6.1537634e+00
   4.0125604e-01   1.6808098e-01   7.5952136e+00
   1.5505891e-01   1.0411229e+00   8.8038016e+00
   2.7227768e-01  -4.2472576e-01   4.5110154e+00
   8.7196114e-01  -1.3978639e+00   5.3012088e+00
   7.9926002e-01   3.2967407e-01   8.3351010e+00
  -6.1507292e-01   1.1172172e+00   4.8900606e+00
   1.1427572e-01  -5.7251149e-01   5.2867900e+00
   8.2518354e-01   1.0626306e+00   6.9772539e+00
  -1.8462838e-01   1.8808684e+00   8.1318596e+00
  -1.2000005e+00  -4.9504731e-01   6.1582452e+00
  -6.4021560e-01   1.5391512e+00   7.5057732e+00
   1.9338327e+00   1.7984141e+00   8.0815238e+00
  -8.5026400e-02   3.5265181e-01   5.1354457e+00
  -2.0778186e-01   1.9675846e-01   7.1460014e+00
   1.2776274e-01   1.7966803e-01   6.6729441e+00
  -9.6024302e-01  -1.3292268e+00   7.6582933e+00
   5.9833647e-01   1.1430617e+00   4.9773173e+00
  -4.2763590e-01  -1.0823635e+00   8.8672650e+00
   1.1420343e+00  -1.8592318e+00   5.5912972e+00
  -1.6455645e+00   4.0818286e-01   6.0616022e+00
   7.1442025e-01  -5.9963914e-01   4.0117509e+00
  -5.0025271e-01  -4.3364881e-01   6.8101253e+00
   1.9164071e+00   5.3160316e-01   7.9215010e+00
   1.7558989e+00  -1.4554359e+00   7.2747221e+00
   9.9728351e-01   1.1024818e+00   4.4284641e+00
  -6.8328750e-01   1.6174544e-01   6.8580131e+00
  -1.2159048e+00  -5.4836311e-01   4.7379406e+00
  -1.3472331e+00  -1.7525342e+00   5.7925745e+00
   1.9446743e+00   9.3315114e-01   7.6607198e+00
   1.1947280e+00   1.2668917e+00   7.2350161e+00
  -1.5878392e+00   1.0490210e-01   5.3869727e+00
   8.5854745e-01  -1.0860744e+00   4.6822691e+00
  -9.6625258e-01  -1.1202049e+00   6.6923059e+00
   5.6061924e-01   2.4532215e-01   8.8085644e+00
   1.0514214e+00  -1.7567762e+00   7.0398988e+00
  -1.2611455e+00  -2.2127313e-02   5.2515862e+00
  -2.7018818e-01   2.5094280e-02   4.2710277e+00
  -1.2815616e+00  -2.3846115e-01   5.7980949e+00
   8.6102962e-01   1.3087324e+00   8.1765217e+00
   1.0675822e+00   1.4156455e+00   8.1292139e+00
   1.4319549e+00  -1.1655509e+00   8.2926647e+00
  -1.8769468e+00  -1.8160544e+00   6.6891619e+00
  -4.2285134e-02  -5.6472679e-01   5.5707323e+00
  -4.3464672e-01  -1.0671833e+00   7.2308337e+00
  -1.3850373e+00  -6.3488174e-01   8.2619619e+00
  -1.7624858e+00  -1.8052301e+00   5.7345385e+00
  -1.2639510e+00   1.6036807e+00   6.8853794e+00
  -1.0879353e+00  -1.9612966e+00   7.2294018e+00
   8.9550253e-01  -7.5128821e-01   6.9029888e+00
  -5.3627083e-01  -5.6851882e-01   5.9313627e+00
   7.8285838e-01   9.2523031e-01   6.0022377e+00
   1.8128779e+00  -1.6395735e-01   6.2450716e+00
  -1.0410801e+00   1.1337703e+00   8.1972516e+00
  -1.7098919e-01  -3.1478496e-01   7.2070239e+00
   1.2316657e-02   1.5208225e+00   6.2784461e+00
   1.9166635e+00   8.9092480e-01   7.5077519e+00
  -5.2011326e-01   1.0892550e+00   4.4781902e+00
  -1.4216714e+00  -1.6235806e+00   7.0181427e+00
  -1.0111492e+00   9.7349331e-01   5.6832458e+00
   1.0413944e+00   1.3254303e+00   7.7481263e+00
  -7.0964647e-01   1.2225240e+00   6.1431549e+00
   4.1289876e-02  -1.4269843e+00   8.6259498e+00
  -1.5918404e-01  -9.4459476e-01   7.9777248e+00
  -1.7622745e+00  -1.3768900e+00   7.1836345e+00
  -1.4729269e+00   8.7326455e-01   5.4168536e+00
   7.6554181e-01  -1.2275723e+00   7.0221358e+00
   5.3508316e-01   8.1698586e-02   5.5369578e+00
  -6.3710658e-01  -1.7434783e+00   7.3474057e+00
   7.7163327e-01  -4.2054310e-01   6.5659406e+00
  -5.5217851e-02  -1.8979955e+00   5.5842691e+00
  -8.6115686e-01  -5.7399603e-01   5.0375782e+00
   1.3992951e+00   1.4692174e+00   6.7800767e+00
   1.3636721e+00   1.7818010e-01   6.4193231e+00
   5.4809915e-01   1.1681340e+00   8.0183147e+00
  -2.7755791e-01   7.5186262e-01   5.5077199e+00
  -1.9954435e+00  -1.9659497e+00   8.6735600e+00
  -1.5389923e+00  -9.8196486e-01   8.3544817e+00
  -3.4476953e-01   1.0558191e+00   5.3732909e+00
  -1.3693045e+00  -8.6309293e-01   5.2512055e+00
  -1.5899263e+00  -7.7681020e-01   5.9503869e+00
   8.2679132e-01  -9.3597806e-01   8.8649092e+00
  -1.3603350e-01  -4.4210597e-01   5.8310879e+00
  -1.5129090e+00  -4.0882103e-01   8.1938293e+00
   1.7929166e+00   3.2576757e-01   7.5179426e+00
  -4.9214570e-02   4.9335210e-02   5.4868851e+00
  -1.0570128e-01  -1.9613713e+00   6.2273181e+00
  -4.2004885e-01   2.8245039e-01   4.4271549e+00
  -9.5724278e-01  -1.9511145e+00   7.4225121e+00
   7.9899193e-01  -7.4774860e-01   7.2383315e+00
  -2.5464930e-01   1.8678924e+00   7.7452526e+00
   7.4867163e-02  -2.7120422e-01   8.6090212e+00
  -7.3089650e-01  -6.8034515e-01   6.0558133e+00
  -1.9717569e+00  -1.1162583e+00   4.9324371e+00
  -1.2148451e+00  -8.8136768e-01   7.6255772e+00
  -7.5617110e-01  -1.1677499e+00   4.9717958e+00
   4.9157187e-01  -5.5942862e-01   7.5950552e+00
  -3.7898426e-01   1.7230086e+00   8.9062880e+00
  -1.4761732e+00  -2.3699074e-01   7.6231953e+00
  -2.8278443e-01  -1.4776860e+00   7.6925615e+00
   1.4234324e+00   1.4281383e+00   6.9859000e+00
   1.3123230e+00  -6.1128947e-01   7.4528747e+00
  -1.6149399e+00  -6.5971102e-01   7.8177093e+00
  -9.0247597e-01   5.2817969e-01   8.9635674e+00
   2.8156950e-01  -1.9082718e+00   7.5367149e+00
  -1.2538684e+00  -1.5378231e+00   4.1929377e+00
  -9.4852733e-01  -4.8215263e-02   5.2255601e+00
  -1.1596351e+00  -3.4688404e-02   4.2499476e+00
   9.8985702e-01   8.0383422e-02   6.0334035e+00
   1.1699844e+00  -9.4438452e-01   6.8001044e+00
   1.1517587e+00  -1.3824202e+00   8.0616931e+00
   7.2962944e-01  -6.8811760e-02   4.1861781e+00
   1.5075713e+00   4.9129342e-02   5.1880278e+00
  -1.0763634e+00  -4.7398188e-01   8.2838770e+00
  -1.3569804e+00   9.4545476e-02   7.6814640e+00
   1.4037988e+00  -7.3128622e-01   6.7487216e+00
  -1.3579907e+00  -6.9109060e-01   7.0705284e+00
   1.7104262e+00   5.0724241e-01   8.9941168e+00
  -1.6235696e+00  -1.8467623e+00   4.1156911e+00
  -1.0737897e+00  -1.1430247e+00   5.7658490e+00
   1.5280836e+00   6.7233581e-01   8.5726398e+00
   7.8776299e-02  -1.2330545e+00   7.6659874e+00
  -3.0758318e-01   2.3308688e-02   6.4036499e+00
   1.0500675e+00   2.2309850e-01   5.9314351e+00
   1.0507637e+00  -1.2135243e+00   5.2216876e+00
   9.1776152e-01  -6.2755899e-01   6.3550913e+00
  -3.4686226e-01   1.3838187e-01   8.6822881e+00
   1.8672927e+00   6.0152328e-01   7.9338507e+00
  -1.8035607e+00   7.1324088e-01   5.0341470e+00
   1.1520507e-01  -4.8485714e-01   8.7453912e+00
  -5.7672523e-01  -1.1181856e+00   5.3823563e+00
   8.3591913e-01  -2.1154657e-01   7.6576543e+00
  -1.6621101e+00   1.3658072e+00   5.4279237e+00
  -1.9738607e+00   1.0279756e+00   5.6366681e+00
  -1.9910483e+00  -1.3517494e+00   8.4295331e+00
   6.6389995e-01  -1.1356975e+00   7.0157321e+00
   1.1898810e+00  -1.2311057e+00   6.9359780e+00
   1.5813683e+00   1.7047329e+00   7.0435244e+00
   4.5100075e-01   1.2491162e+00   8.7433975e+00
   1.6106242e+00   7.4301436e-01   8.2644315e+00
   6.4777384e-01   5.7412487e-01   6.0967125e+00
   5.2809374e-01  -1.5941717e+00   4.7611073e+00
  -3.6434587e-01  -1.1454230e+00   7.6077112e+00
  -1.1382985e+00  -1.8671189e+00   5.6558072e+00
  -8.2063162e-01  -1.1902195e+00   5.1709257e+00
  -3.3023779e-02   6.5961407e-01   5.2450728e+00
  -1.4363210e+00   1.7482318e-01   4.5017999e+00
  -1.0247959e+00  -1.7138185e+00   7.0737586e+00
  -1.6841578e+00   9.3329717e-02   6.4743483e+00
  -1.4042207e+00  -7.6391773e-01   4.9014507e+00
   1.7598632e+00   1.3319138e+00   7.2019588e+00
   7.2750941e-01   5.5477127e-01   4.4704232e+00
  -1.4613411e+00  -7.2087706e-01   5.1370662e+00
   1.4717235e+00  -1.1255028e+00   5.1572065e+00
   2.6619943e-01   6.9894951e-01   4.0908735e+00
  -1.3097121e+00  -2.5791765e-01   4.3750098e+00
   1.5967924e+00  -1.0906865e+00   7.3907614e+00
   1.3190136e+00   1.1016522e+00   8.1230023e+00
   6.9371936e-01   4.5963206e-01   7.3622980e+00
  -7.2065674e-01  -2.5347071e-01   5.7039983e+00
  -1.5977390e+00  -1.5288676e+00   6.8385546e+00
   7.3724357e-03  -3.7983227e-01   4.3156791e+00
  -1.6945413e+00  -1.4736126e+00   8.1353219e+00
  -1.7094318e+00  -1.2050975e+00   6.2523116e+00
   1.9538804e+00   6.6773809e-01   6.2577935e+00
  -1.7467884e+00   5.2172778e-01   4.9270535e+00
  -1.7558077e+00   1.0789208e+00   5.0584710e+00
   7.1067335e-01   1.0941595e+00   7.7939745e+00
   1.6450830e+00   1.6067992e+00   6.9298633e+00
  -2.0805388e-01   1.3613061e+00   8.6523537e+00
   1.6495456e+00  -4.3544509e-01   8.1935977e+00
  -3.8802200e-01  -1.9264547e+00   6.0805542e+00
   2.9246321e-01  -1.2409569e+00   7.7678844e+00
  -3.3834063e-01  -4.9996401e-02   7.1159024e+00
   1.2302335e+00  -1.3796295e+00   8.9859145e+00
  -4.3791475e-01   1.7429424e-01   6.8861260e+00
  -3.7579967e-01  -9.3077534e-01   7.1351330e+00
   8.5690148e-01  -7.3531322e-01   4.6879726e+00
  -8.0255992e-01  -4.8902969e-01   7.5195999e+00
  -1.5994879e+00  -3.8437063e-01   7.5652385e+00
   7.8521552e-01  -1.8872378e+00   4.3644409e+00
   3.5691219e-01  -9.0649817e-01   4.5586430e+00
  -1.3173406e+00   5.1168389e-01   5.3277986e+00
  -1.2613663e+00  -4.3815009e-01   7.7499937e+00
  -7.2410068e-01  -1.5572229e+00   4.2519689e+00
   1.5162758e+00   1.7669238e-01   6.9848332e+00
   1.1954008e+00  -1.1064632e+00   4.2443654e+00
   1.1696976e+00   8.3369647e-01   6.9317853e+00
  -3.2410253e-01   9.4647715e-01   7.8928453e+00
  -1.2849944e+00   1.0039099e-01   4.8484520e+00
   1.9007671e+00  -4.3665938e-03   8.7094181e+00
   1.1225872e+00   6.8346688e-01   5.5708526e+00
  -5.9265121e-01  -6.5974481e-01   6.0377781e+00
  -1.3346095e+00  -1.2855513e+00   5.8287293e+00
  -7.0624017e-02   4.8812538e-01   8.3414557e+00
  -1.2134651e+00   1.3933331e+00   7.3134470e+00
   5.2614462e-01  -3.1036540e-01   8.7948633e+00
   6.6178685e-02   1.1419410e+00   4.8031926e+00
   1.5388281e+00   1.2693710e+00   5.9258080e+00
   6.7616724e-01   1.1080924e+00   6.8591110e+00
  -1.3910400e-01   1.4062800e+00   5.7801620e+00
  -2.4117307e-01  -1.6892082e-01   6.6164132e+00
  -3.8320599e-01  -7.4369309e-01   6.9546123e+00
  -7.3517427e-01  -8.2577031e-01   5.7346681e+00
   7.2374467e-01   5.3480347e-01   4.6591020e+00
   8.7417658e-01   2.7160141e-01   8.9395524e+00
   1.2272586e+00   1.2634001e+00   6.1119421e+00
   1.6987080e+00  -9.4078040e-01   8.7228175e+00
   1.8316256e+00  -8.1673614e-01   8.8154638e+00
   1.6054003e+00  -1.1832749e+00   7.8025773e+00
  -2.9388909e-01  -8.4936323e-01   4.0228629e+00
  -4.2843009e-01   4.9153949e-01   4.2890563e+00
  -1.2377771e+00  -1.3257811e+00   6.2727885e+00
  -1.5881039e+00   5.1346093e-01   8.7136018e+00
   1.5145214e+00  -3.4219715e-01   8.9290095e+00
  -1.2007186e+00  -1.4721674e+00   6.9068771e+00
  -6.2158650e-03  -2.2655818e-01   8.5570826e+00
  -1.5167361e+00   3.3337612e-01   5.4761127e+00
   1.0596233e+00  -1.9994329e+00   8.8996255e+00
  -1.2758078e-01  -1.6443315e+00   7.7757396e+00
   1.6776935e+00  -9.2880544e-01   8.9001339e+00
  -1.6641868e+00  -1.6106454e+00   7.2759124e+00
   1.4909566e+00  -1.0716145e+00   6.7939691e+00
  -8.6139436e-01  -1.8163738e+00   7.9203711e+00
  -1.5744488e+00   1.3459627e+00   7.8641001e+00
   5.8961870e-01   1.0756689e+00   4.5525760e+00
  -9.8571757e-01  -9.4382200e-01   6.7026953e+00
  -4.8639858e-01  -1.6442232e+00   7.5096026e+00
  -5.0606370e-01   4.3399945e-01   5.6314469e+00
   1.6853773e-01   1.0748659e+00   6.0667177e+00
  -9.1186531e-01  -1.1468348e+00   6.3317849e+00
   4.7006707e-01   4.1737544e-02   5.4005250e+00
  -5.3368114e-01   1.2892156e+00   8.7769095e+00
  -1.6013203e+00  -2.7532169e-01   8.5722712e+00
   6.2116858e-01   1.2154698e+00   7.5543351e+00
   9.0298106e-01   1.1178823e+00   5.3356988e+00
   3.6605742e-01  -1.2737156e+00   7.2946078e+00
  -1.1013147e+00   1.2315774e+00   7.0634952e+00
  -1.9429640e+00   1.0254111e+00   5.2296304e+00
   3.4571580e-01  -3.9499854e-01   4.7813655e+00
  -1.0569757e+00   6.2734699e-01   7.5359098e+00
  -8.2712391e-01  -9.1801135e-01   5.6464036e+00
  -1.0503830e-01  -9.3158802e-01   6.9275632e+00
  -1.0854340e+00   1.5696909e+00   6.7555355e+00
  -4.9671806e-01  -5.1326710e-01   8.5254790e+00
  -1.2213149e+00  -8.7236482e-01   7.2486236e+00
   7.1708162e-02   1.4797063e+00   6.4757079e+00
   5.3262336e-01  -2.4064873e-01   8.1358151e+00
  -6.1579445e-01  -2.7677970e-01   4.4435499e+00
   4.1806625e-01  -7.9076484e-01   6.3571744e+00
  -6.3310394e-01   6.4650318e-01   4.1890412e+00
   1.4993123e+00   3.5686381e-01   8.1834311e+00
   7.4803348e-01  -1.1737509e+00   4.2443391e+00
  -3.5216254e-01  -6.0633112e-01   4.0156222e+00
  -1.3714655e+00   1.0429790e+00   5.3791931e+00
   7.7857846e-01  -1.2684523e+00   6.0944954e+00
   1.5631463e+00  -6.1143165e-01   8.9381488e+00
  -9.8137818e-02  -1.3341156e-01   8.1929956e+00
   1.0817940e+00   1.0987450e+00   7.7812418e+00
   4.5885611e-01   1.3435329e+00   5.3818627e+00
  -1.2908682e-01  -6.3077399e-01   6.5523389e+00
   1.6173096e+00   1.7895850e-01   5.9246190e+00
  -1.3575840e+00   6.9396433e-02   7.9543823e+00
  -6.6382683e-01  -8.5471596e-01   5.2147089e+00
   1.8373730e+00   1.5917461e+00   8.8116967e+00
   1.0063866e+00  -1.3748084e-01   4.0028328e+00
  -7.4254855e-01  -1.3973939e+00   8.9216771e+00
   1.5520498e+00   1.4055775e+00   8.2352079e+00
   1.0007480e+00   2.9726864e-01   7.3967525e+00
  -1.1153941e+00  -4.4936767e-01   8.4453326e+00
  -1.7195171e+00  -7.3910938e-01   4.4115531e+00
   9.5114784e-02  -3.7050887e-01   5.2927816e+00
  -1.9665685e+00  -1.4398790e-01   4.7308051e+00
  -1.1019237e+00  -1.8565673e+00   8.7126962e+00
  -9.4611149e-01  -1.8560760e+00   7.9399190e+00
   1.6226386e-01  -5.2615569e-01   4.2322104e+00
   3.9132806e-02   1.6039997e+00   6.8657131e+00
  -1.9867619e+00  -1.8453656e+00   5.4774578e+00
   1.6309541e+00  -1.2519738e+00   5.9394641e+00
  -1.4132137e-01   7.7715962e-01   5.2349248e+00
   1.3422857e+00  -3.9706021e-01   6.8900182e+00
  -1.3837747e+00  -3.1321820e-01   6.8530856e+00
   2.3138008e-02   1.3934650e+00   7.8589911e+00
   1.6573945e+00   5.7191265e-02   6.4908218e+00
  -5.4300973e-01   7.0010501e-01   5.4248831e+00
  -5.2124293e-01  -2.6481710e-02   7.1434111e+00
  -5.0940194e-02   3.6129216e-02   7.5649822e+00
   1.5941259e+00   1.6078616e+00   7.1240661e+00
   1.5778246e+00   8.5596976e-01   8.8553529e+00
  -4.7955823e-01   1.1805068e+00   5.7949451e+00
  -1.0864441e+00  -1.4895747e+00   7.6690166e+00
   6.0436493e-01  -6.3813188e-01   5.0039196e+00
   1.6414125e-01   2.0020472e-01   5.6084041e+00
  -1.7753530e+00   5.4100034e-01   7.4572368e+00
  -1.3249767e+00   1.3870295e-01   8.8930161e+00
  -7.2209921e-01  -1.6128785e+00   5.2079250e+00
  -3.1853893e-01  -9.9855062e-01   5.1781445e+00
   1.1908084e+00   1.3116662e+00   6.9939343e+00
  -1.3963342e+00   3.8227682e-02   4.8954448e+00
   3.0141199e-02   9.5255742e-01   5.6107763e+00
   1.3241045e+00   6.1260967e-01   7.3889543e+00
  -1.4533640e+00  -6.2673316e-01   4.2011841e+00
  -9.8937582e-01   3.4267382e-01   7.0717985e+00
  -1.9969603e+00   9.5722051e-01   4.7047182e+00
   1.4555490e+00  -1.6235370e+00   6.8093313e+00
  -1.8678776e+00   8.8009285e-01   5.5069315e+00
   3.3858006e-01  -4.9461044e-01   5.0483776e+00
  -1.3440917e-01  -8.3105304e-01   6.9496252e+00
  -7.5201607e-01   6.9866359e-01   8.7141060e+00
  -1.5286723e+00   1.5190134e+00   7.5225368e+00
  -1.3900556e+00   6.2186778e-02   7.4133901e+00
  -5.4514367e-01   1.4500968e+00   5.7601094e+00
  -1.4100354e+00   1.6804442e+00   8.8589536e+00
   6.1390997e-01   1.2938079e-01   4.0472763e+00
   1.5223149e+00  -1.4894787e+00   5.6637945e+00
  -7.5882522e-01  -1.4699133e+00   8.6151748e+00
  -7.1918323e-01   1.0716433e+00   4.3156338e+00
  -1.5175033e+00  -1.2673365e+00   8.7356435e+00
  -1.2241168e+00   3.8324908e-01   8.1762753e+00
   3.5163908e-01  -5.0112058e-01   8.6377897e+00
   1.4656020e+00   1.1679767e+00   6.3036471e+00
  -9.6421943e-01   4.0615862e-01   5.6809524e+00
  -1.0373878e-01   1.2145786e-01   4.7204940e+00
   1.0882348e+00   7.5554894e-01   8.3732791e+00
   1.2804761e+00  -2.7695571e-01   4.6880563e+00
   5.1333329e-01   1.5968904e+00   7.8626640e+00
   1.8914922e+00  -1.3951514e+00   8.5704143e+00
   1.3005735e+00  -7.4531319e-01   7.1449575e+00
  -1.3025918e-01   1.5950857e+00   8.2832923e+00
  -1.8473784e+00   1.0956971e+00   6.3637290e+00
  -1.3595662e+00   9.3312146e-01   4.2404057e+00
   1.8566900e+00   3.7428180e-01   6.9773457e+00
  -1.7364551e+00  -3.9822395e-01   7.9252061e+00
   1.4163258e+00  -6.1392779e-01   7.9522621e+00
   1.5777847e+00   1.4665791e+00   7.4521294e+00
  -4.5406591e-01  -1.0679425e+00   7.8226297e+00
  -9.8136795e-01  -1.9959331e+00   5.5956953e+00
   4.2228497e-01  -6.9655820e-01   7.1288071e+00
   3.3423170e-01  -1.9502043e+00   4.0900505e+00
   2.8964652e-01  -1.2210940e+00   6.1426500e+00
   1.3217075e+00   1.3661998e+00   6.3758629e+00
  -8.6383695e-01  -1.2767361e-01   4.1967541e+00
  -1.9234092e+00  -3.5771012e-01   8.0475915e+00
  -8.6729067e-01  -1.9596887e-01   5.4034666e+00
   1.9233211e+00  -7.8929532e-01   8.0758216e+00
  -9.8570962e-01   7.3925288e-01   6.8449450e+00
  -6.1115950e-01   1.3568424e+00   5.6420656e+00
  -8.6158874e-02   5.0550195e-01   5.8670419e+00
   9.8233599e-01   1.6251846e+00   8.9085920e+00
   1.3070402e+00  -1.2006016e+00   8.5884194e+00
  -2.1898054e-01   2.9737863e-01   4.8125374e+00
  -4.7024791e-01   7.1445007e-01   8.5730633e+00
  -1.3199454e+00   1.6362032e+00   7.1325842e+00
  -3.6470906e-01  -1.3862857e+00   8.6983068e+00
   9.0152070e-01   8.9322826e-01   8.2125304e+00
   8.0421574e-01  -1.7364819e+00   5.2542925e+00
  -1.8588788e+00  -1.6653474e+00   8.0098976e+00
  -1.7636087e+00   5.4507155e-01   7.7576415e+00
   9.2683198e-01  -1.7230815e+00   8.6131549e+00
  -1.8246618e+00  -5.7065611e-02   8.4792934e+00
   4.4946088e-01  -5.7935732e-01   6.1819798e+00
   1.3967185e+00  -1.6751763e+00   4.7960558e+00
   1.5612500e+00   6.5896613e-01   5.1830945e+00
   1.1957521e+00   9.4271005e-01   6.6604579e+00
  -1.6311732e+00  -1.6490320e+00   6.5319394e+00
  -1.5561229e+00   1.4144444e+00   7.6546419e+00
   1.8189052e+00   1.5462554e-01   8.4591917e+00
   1.4935628e+00   2.5852404e-01   6.2337203e+00
  -4.5941208e-02   1.3953265e+00   7.1452802e+00
   5.7229575e-01  -1.2234953e+00   5.9454300e+00
   1.6874259e+00  -8.5051279e-01   7.8471291e+00
  -5.0540018e-01  -1.5439588e+00   4.8695752e+00
  -8.5052737e-01  -8.6471691e-01   8.7021599e+00
   1.7334063e+00  -8.9892961e-01   7.5794164e+00
   7.2697690e-01  -1.4262348e+00   7.2148967e+00
  -1.2691893e+00  -5.3383359e-01   5.3261051e+00
  -1.0269987e+00   1.9865868e+00   8.5884534e+00
   1.0687521e+00   5.9028844e-01   8.9587952e+00
  -1.6210766e+00  -1.3413335e+00   7.8993281e+00
  -5.2990532e-01  -1.7138477e+00   5.9808823e+00
  -1.8325517e+00   1.4092984e+00   5.5199827e+00
   3.7918893e-01  -8.4083117e-01   5.5471887e+00
   2.5784339e-01  -1.1163385e+00   7.3403986e+00
  -1.5151079e+00   3.9695666e-01   6.8304706e+00
  -5.6612657e-01   1.0615915e+00   6.9220238e+00
   4.8019808e-01   9.3787851e-01   7.1849426e+00
   6.1456882e-01   3.5785111e-01   5.6258831e+00
  -1.7959529e+00   1.4953686e+00   7.3813364e+00
  -3.2006485e-01   1.0979487e+00   6.1379000e+00
   1.4048437e+00  -1.8549526e+00   5.6677399e+00
   7.7039818e-01  -1.6242356e+00   8.4142952e+00
  -1.1619532e-01   8.9062708e-01   7.4100778e+00
  -1.8748450e+00  -1.9736606e+00   5.5457840e+00
   1.7816654e+00   1.7610927e+00   7.2126247e+00
   2.1349172e-01   6.5473966e-01   8.5777494e+00
  -1.7366495e+00  -4.0621536e-01   4.8234713e+00
   4.5038292e-01   1.6120022e+00   7.4451351e+00
  -1.9849416e-01  -7.2185530e-01   5.7704995e+00
  -1.2304002e+00  -1.2710646e+00   5.0505636e+00
  -1.8226946e-02  -1.3758621e+00   6.0973268e+00
   1.4232276e+00  -1.9823498e+00   4.4891953e+00
   1.7324524e+00  -8.3462339e-01   8.8800187e+00
  -1.2651775e-01   1.6819205e+00   8.4070882e+00
  -3.1807348e-01   1.0501329e+00   6.1148968e+00
  -5.2943180e-01   6.3556920e-01   5.9183227e+00
  -1.2247195e+00   4.3743706e-02   8.3235168e+00
  -1.9624673e-01  -4.7795951e-01   7.3116606e+00
  -5.5559389e-02   2.4547662e-01   4.3328114e+00
   1.7663528e+00   8.0008695e-02   7.8286770e+00
  -1.3974811e+00   9.5699395e-01   5.1645126e+00
  -5.7908110e-02  -1.2907104e+00   7.8701791e+00
  -9.8253660e-01  -3.9157737e-01   5.0580570e+00
  -1.0066443e+00  -1.8932228e+00   4.2101847e+00
  -1.6036771e+00  -3.7396771e-01   4.5184826e+00
  -6.1948693e-02  -5.3571364e-01   5.2452302e+00
   1.9660896e+00  -1.6046915e+00   8.9070465e+00
   9.5420471e-02   3.0952246e-01   4.0510030e+00
   5.6583244e-01   1.6029194e+00   6.8156621e+00
   1.6470580e-01   1.5355639e+00   7.6819457e+00
   8.1708888e-01   1.9871925e-01   6.6216865e+00
   6.5919473e-01  -9.2287487e-01   6.4180436e+00
  -1.5362252e-01  -1.0792621e+00   7.2491466e+00
  -7.0251743e-01   8.2292305e-01   6.1131584e+00
   1.8205195e+00  -3.3812645e-01   7.8164589e+00
   5.0923090e-01   1.5804689e+00   8.2275436e+00
  -9.7245125e-01   2.1580465e-01   8.9839466e+00
   1.1032200e+00  -1.6472350e+00   6.7402742e+00
   1.6914961e+00  -1.1706229e-01   8.7674136e+00
  -1.3789303e+00  -1.6199811e+00   5.0537815e+00
  -3.5495025e-01  -1.6957188e+00   4.5986642e+00
  -6.4253604e-01   1.3861390e+00   8.3572294e+00
   1.4103422e+00  -9.0612947e-01   6.9912609e+00
  -2.6681398e-02   9.9217777e-01   5.1142433e+00
   1.3155158e+00  -8.9933885e-02   8.2036093e+00
  -1.9664179e+00  -1.5186371e+00   6.3436244e+00
  -1.7639625e+00   1.7447051e-01   5.4367176e+00
   1.7056339e-01   1.1840308e+00   6.4459700e+00
  -7.1298237e-01  -5.3294260e-01   6.6580961e+00
  -3.1594127e-01  -1.6205072e+00   5.7247861e+00
  -1.6413067e+00   1.3435924e+00   7.1978770e+00
  -1.9904376e-02   1.9826240e+00   8.4267315e+00
  -1.3150777e+00  -1.6872315e+00   7.1684266e+00
  -1.1037315e+00   1.6810821e+00   6.7868766e+00
   1.3827033e+00   6.1004663e-03   7.9793516e+00
  -1.3585190e+00   6.0916607e-01   4.3462815e+00
   6.0465457e-01   5.4874911e-02   5.6550213e+00
  -2.2339481e-01  -3.4084255e-01   4.4723363e+00
  -6.6557059e-01  -1.6199911e+00   4.3049420e+00
   1.5497143e+00  -1.9715395e+00   7.1084618e+00
   2.9722029e-02   4.7487886e-01   8.4827917e+00
   1.3689532e+00  -1.4558534e+00   6.2362564e+00
  -6.3394179e-01   1.9853065e+00   8.9212985e+00
  -3.1348198e-01   1.4324857e+00   8.6841181e+00
  -1.9336373e-01  -1.4315161e+00   7.8232018e+00
   9.9131877e-01   1.3305812e+00   7.6763813e+00
  -1.2038485e+00   8.9080640e-01   6.8182735e+00
   1.7315439e+00   3.5063731e-01   6.5229594e+00
  -3.8974318e-01   6.7135390e-01   5.2303696e+00
  -6.1147222e-01   4.5092757e-01   7.8654392e+00
  -2.7368210e-01  -4.9885781e-01   5.1371139e+00
  -9.1488390e-01   3.1886672e-01   8.1719240e+00
  -1.3630962e-01  -6.1187220e-01   7.7075695e+00
   9.0764125e-02  -9.1620832e-02   6.4343534e+00
  -1.2045956e+00   1.1353622e+00   4.8294097e+00
   1.1782250e+00   1.9574075e-02   7.3354955e+00
  -2.8850781e-01  -1.5977392e+00   5.8932934e+00
  -1.6142307e+00   1.6468348e+00   8.7748652e+00
  -1.3291055e+00  -5.5404936e-01   6.9067547e+00
  -1.0853044e+00   1.2188566e+00   5.9328982e+00
   1.5976316e+00  -1.4197124e+00   7.2064723e+00
   1.6562492e-01   9.8073699e-01   8.1907123e+00
   1.8034995e+00  -1.0171286e+00   7.6819560e+00
  -9.4964261e-01  -1.2915965e+00   6.2649790e+00
   3.0223448e-01  -7.2634349e-01   7.9681311e+00
  -5.2416095e-01  -1.8785760e+00   8.8214079e+00
   1.6350947e+00   1.7665868e+00   7.9369222e+00
   1.1612504e+00  -4.1154889e-01   5.1275886e+00
  -1.4501276e+00  -7.7579186e-01   7.8197553e+00
  -1.7837558e+00  -1.5030921e+00   5.1300926e+00
  -1.8726791e+00  -2.1182825e-01   6.7262397e+00
  -1.0246735e+00  -1.1053908e-01   6.7358511e+00
   1.0164988e+00   8.8295020e-01   7.1837122e+00
  -2.1939421e-01   1.9302937e-01   5.0488445e+00
  -1.7268233e+00  -1.4820694e+00   5.6945511e+00
  -1.9384171e-01  -7.4378143e-01   4.4906591e+00
   1.0037717e+00  -6.0147562e-01   8.8442234e+00
  -8.5545645e-01   8.6612991e-02   8.8115836e+00
   1.0682417e+00   1.1177652e-01   7.2789022e+00
  -4.7238114e-01   2.6938717e-01   8.4070541e+00
   4.7707424e-03  -1.3467321e-01   6.3289464e+00
   1.1527159e+00  -1.4431224e-01   6.0662015e+00
   1.3709299e+00  -4.5955830e-01   8.4008625e+00
   9.7496276e-01   1.0019096e+00   6.6379519e+00
  -4.3949496e-02  -1.4291894e+00   8.8272430e+00
   1.5466308e+00   1.4534193e-01   8.6247766e+00
   9.3675533e-01  -3.0705564e-01   4.0841193e+00
  -6.1329839e-01  -1.2976407e+00   5.7259114e+00
   7.4844635e-01  -6.4302756e-01   4.8888831e+00
   2.5888537e-01   1.0632042e+00   6.6842865e+00
  -7.2200873e-02   1.0637598e+00   5.0665518e+00
  -4.1492862e-01  -9.3259816e-01   7.8764966e+00
   1.9779855e-01   6.4343376e-01   4.8427505e+00
  -2.9434572e-01  -1.1159328e+00   7.2212421e+00
  -1.5870052e+00   9.6115888e-01   4.5670421e+00
  -1.5840873e+00   1.6301491e+00   6.6016130e+00
   2.5994456e-01  -9.3810245e-02   7.7015735e+00
  -1.9659144e-01   1.4296370e+00   5.8244782e+00
   1.7412605e+00  -6.0476809e-01   7.3695031e+00
  -1.9559664e+00   7.1088360e-01   8.5256577e+00
  -1.0020756e+00  -4.9771366e-01   5.6794439e+00
  -1.7624573e+00  -1.4124910e+00   5.4017516e+00
   1.0163210e+00  -1.7315207e+00   4.3836845e+00
  -8.4759814e-01  -1.1024843e+00   5.9611725e+00
   1.5081195e-01  -3.4605764e-02   5.3278122e+00
   1.7575459e+00  -2.9600135e-01   5.9228209e+00
   9.4612446e-01  -5.6592086e-01   5.8448071e+00
   2.2704306e-01   1.7838508e+00   7.2958196e+00
   5.4436201e-01   6.9491901e-01   6.3521992e+00
   6.7504581e-03  -7.4590878e-01   4.6324007e+00
  -4.9084051e-01  -1.4926867e-01   8.7085377e+00
  -1.4993161e+00  -1.3779909e+00   4.5351459e+00
   1.2537521e+00   1.7823822e-01   6.0577582e+00
  -6.2487761e-01   9.9209161e-01   5.1934503e+00
  -1.8650352e+00  -1.4936575e+00   8.0922630e+00
  -1.4599139e+00   8.4639152e-01   7.2790761e+00
  -6.4162614e-01   1.0847621e+00   7.6110382e+00
  -3.3844278e-01   1.3403252e+00   8.8811543e+00
   6.6143971e-01  -6.6802641e-02   7.7251734e+00
  -7.6756700e-01   9.8198062e-01   5.4980615e+00
  -6.0328772e-01  -8.9166144e-01   5.2447052e+00
   1.1082677e+00  -1.0801934e+00   7.2194765e+00
   1.5308127e+00   1.0519323e+00   8.3593068e+00
  -3.2565534e-01  -9.3885984e-01   4.1376004e+00
   1.5479826e+00   1.5895646e+00   8.1813071e+00
  -1.7598874e+00   3.4883488e-03   8.4808531e+00
  -1.3772856e+00  -1.0858944e+00   8.7990651e+00
  -9.1354169e-01   5.4587943e-01   7.1894128e+00
  -6.5291989e-02   4.4162011e-01   8.7137843e+00
   6.2569502e-01  -1.6674812e+00   6.3443199e+00
  -9.0118948e-01   2.9385892e-01   5.9601060e+00
   4.3937564e-01  -1.1041219e+00   8.9199584e+00
  -8.8647474e-01   1.6217686e+00   8.8405369e+00
  -1.8692512e+00  -1.7301834e+00   6.9662631e+00
   9.4115176e-01   2.1019167e-01   6.3310879e+00
  -6.2546699e-01  -5.8496530e-03   5.4188371e+00
   3.0249961e-01  -1.3810531e+00   8.0567920e+00
   1.6515355e+00  -1.6604526e+00   6.3565981e+00
  -1.4494826e+00  -3.3929377e-01   4.0764644e+00
  -6.9599533e-01  -6.4931981e-01   8.4903985e+00
  -8.9769657e-01  -7.0810484e-01   6.9312992e+00
  -1.5912797e-01   5.5487674e-02   5.8013788e+00
  -1.1626538e+00  -5.1377535e-01   7.4654287e+00
  -1.3996590e-01  -1.0701834e+00   4.8922303e+00
  -7.1481577e-01  -9.3592657e-01   7.0231526e+00
   1.5360909e+00  -1.4378186e+00   6.6777784e+00
   1.8778667e+00  -1.9192990e+00   7.4684614e+00
   3.0339917e-01  -1.4757580e+00   8.6853145e+00
  -1.2618370e+00   1.0426016e+00   7.9771496e+00
  -1.5823244e+00   1.0579298e+00   6.2850060e+00
  -1.5506976e+00  -1.4382587e+00   5.9929163e+00
  -1.9482874e+00  -1.7355801e+00   8.9974033e+00
  -7.7883427e-01  -4.0475252e-01   5.4991479e+00
  -1.4650667e+00  -1.8561933e-01   8.9487314e+00
   3.0471058e-01   1.2745223e+00   5.4095109e+00
  -1.4759293e+00   1.8156246e-01   4.2854784e+00
  -1.8677709e+00  -8.7034098e-01   7.1124482e+00
   7.1906080e-01   5.2044810e-01   8.3761583e+00
  -1.0153144e+00  -1.1897425e+00   6.3102833e+00
   9.8141152e-01  -1.3368247e+00   7.4771489e+00
   2.0699351e-01  -1.0045543e+00   5.4603231e+00
   1.2929144e+00  -4.2425252e-01   5.5570921e+00
   6.8071835e-02   3.6171123e-01   4.9642204e+00
   8.1180201e-01   1.7593836e+00   8.3810316e+00
   1.4213686e+00  -1.2408456e+00   5.0834970e+00
  -1.6304220e+00  -4.1178322e-01   7.8086006e+00
  -1.6315596e+00  -8.6691022e-01   4.1276823e+00
  -1.7866821e+00  -5.3184763e-01   4.0620464e+00
  -1.5390531e+00   1.7162788e-01   7.6127589e+00
   5.1968341e-01  -1.1567943e+00   6.5509492e+00
   1.8002108e+00   1.3376101e+00   6.3438247e+00
   7.0310705e-01  -2.6853363e-01   6.3530107e+00
   1.6034206e+00   7.4037037e-01   6.5442908e+00
  -1.8614583e+00  -6.2373514e-01   5.8950716e+00
  -8.6934285e-01  -3.6355101e-01   5.0489402e+00
  -1.5092067e+00  -5.0594108e-01   8.5425838e+00
   1.1419756e+00  -3.8727621e-01   5.2673723e+00
  -1.8753017e+00   1.4956937e+00   7.2003138e+00
   1.7581154e+00   1.0852044e+00   7.4752122e+00
  -1.6134049e+00   9.6486770e-01   4.5034653e+00
  -7.9677356e-01  -1.7213634e+00   5.6083052e+00
   1.2503386e+00   1.1128492e+00   7.6539235e+00
  -4.5589107e-01   8.4476954e-01   5.9415659e+00
   8.4980494e-01  -1.4210674e+00   8.8112696e+00
  -8.4659921e-01   6.4511855e-01   8.6586283e+00
  -6.1861849e-01  -3.1378412e-01   6.7172740e+00
   7.4681000e-01  -8.3515156e-01   5.6997892e+00
  -9.1584923e-01   1.1062004e+00   5.4007878e+00
   1.1466573e+00   1.0450760e+00   4.4465788e+00
  -1.4115666e+00  -9.1525404e-01   8.2099390e+00
  -1.0955325e+00  -1.8426881e+00   7.7023931e+00
  -1.1173069e+00   1.4907551e+00   8.9982624e+00
  -2.9110268e-01  -1.0196606e+00   4.3442422e+00
  -2.7218118e-01  -7.0623996e-01   5.5763004e+00
   3.7815456e-01   5.7679344e-01   4.1741741e+00
   7.5094570e-01  -3.6567294e-01   7.1120521e+00
  -8.5274112e-01  -5.7227036e-01   7.1831529e+00
  -6.3141357e-03   2.5392903e-01   7.6617635e+00
  -5.9867143e-01   7.2811092e-01   8.8699986e+00
  -7.5651361e-01  -1.8311333e+00   6.1264847e+00
  -6.5775040e-01  -8.0766107e-02   8.2456299e+00
  -1.2752133e+00  -9.7599508e-01   4.0627661e+00
   5.9294349e-01   7.1286626e-01   5.5991311e+00
   3.4915513e-01  -1.2693443e+00   8.1364512e+00
   7.1266163e-01  -4.4888836e-01   6.2509079e+00
  -1.8751650e+00  -1.9540958e-01   8.2570268e+00
  -3.3821750e-01   6.8080159e-01   5.4423983e+00
  -1.7611026e+00  -1.4736413e+00   7.2878906e+00
  -1.0454998e+00  -1.5479207e+00   8.8862790e+00
  -8.8605953e-01   1.5079480e+00   7.8796757e+00
  -1.6719504e+00   5.9221890e-02   6.9908559e+00
  -1.5272579e+00  -1.4120711e+00   7.2692430e+00
   4.8313928e-01  -1.6069201e+00   6.7580932e+00
  -7.5506055e-01  -1.0088107e+00   8.3766208e+00
  -1.1459547e+00  -1.7231663e+00   7.3112770e+00
   1.0765476e+00  -6.2956952e-01   5.5677442e+00
  -2.7488365e-01   1.8204100e+00   8.6292604e+00
  -1.5118480e+00  -6.5384823e-01   6.1847841e+00
   8.0974948e-01  -1.7404427e+00   4.1989001e+00
  -1.6782149e+00  -1.2799618e+00   7.9488925e+00
  -1.6800125e+00  -5.2896311e-01   5.4379584e+00
  -8.6337855e-01  -9.4158237e-01   8.6518552e+00
   8.0195772e-01  -8.4341064e-01   4.6064557e+00
  -9.9047898e-01   6.6567586e-01   6.6919268e+00
   1.1254084e+00  -5.8020571e-01   5.1840273e+00
   5.4749103e-01  -3.1875168e-01   8.4324728e+00
   2.4957513e-02   1.6093558e-01   4.8404510e+00
   1.2512669e+00   1.6240658e+00   8.2354913e+00
   1.2215173e+00  -1.5004646e+00   6.0101758e+00
   1.4669862e+00  -1.4245463e+00   5.7842899e+00
   1.2843003e+00  -1.3353641e+00   8.0437283e+00
   5.4171488e-01  -1.4455026e+00   6.8220787e+00
   6.1248827e-01  -1.1063418e+00   7.0335155e+00
  -1.3153337e+00   1.8276850e+00   8.8431487e+00
  -1.2263480e+00  -1.4522944e+00   6.4849347e+00
  -1.8967201e-01  -1.8116108e+00   6.0669664e+00
   1.7783292e+00  -6.7600203e-01   6.8122358e+00
   1.5854441e+00   7.8971934e-03   5.9630843e+00
   2.9460458e-01  -1.5210708e+00   4.2411260e+00
  -5.8217894e-02   4.7537738e-01   8.3039633e+00
   3.9187391e-01   1.0874316e-01   7.6579352e+00
  -1.7242352e+00  -1.9114493e+00   4.8945434e+00
  -6.9849508e-02  -1.5615730e+00   7.2823608e+00
  -2.7210044e-01  -1.1234349e+00   7.5415539e+00
  -8.1933401e-01   9.0829442e-01   5.2821662e+00
   1.6236046e+00  -1.4404000e+00   7.4452606e+00
  -1.7682577e+00   1.0225123e+00   4.1687537e+00
   1.2682359e+00  -3.4457987e-01   5.2232508e+00
  -1.6829192e+00  -1.6021099e+00   4.4798654e+00
  -4.5871230e-01  -1.8563465e+00   5.1104487e+00
   1.9148461e+00   4.2980144e-01   7.4003717e+00
   1.5170998e+00  -1.5190762e+00   5.2368607e+00
   1.4261748e+00  -6.7388969e-01   7.6584707e+00
   1.3778879e+00  -8.4746724e-01   5.2970793e+00
   4.7524278e-02   1.0390087e+00   5.9164881e+00
  -9.2499776e-01   1.6136433e+00   8.7827210e+00
   1.2607157e+00  -3.1273364e-01   6.5943116e+00
   1.5504024e+00  -1.3013015e+00   7.5801068e+00
  -5.3921290e-01   1.0760061e+00   7.1704338e+00
   1.3129894e+00   1.1848086e+00   6.2403104e+00
   7.2446818e-02  -1.7328133e+00   4.3578263e+00
  -2.6873308e-01  -1.4865544e+00   7.3860913e+00
  -1.6675190e+00   7.8205416e-01   5.1879911e+00
   5.0893884e-01   4.1326565e-01   5.8997830e+00
   1.7700455e+00  -1.9850051e+00   7.6389477e+00
   1.6449489e-01  -1.1247339e+00   4.9595166e+00
  -5.1381361e-02   8.1709116e-01   4.3694387e+00
   1.9074655e+00  -2.5460195e-01   7.1717757e+00
  -6.0849212e-01  -1.9673203e+00   8.3569005e+00
  -1.9519444e+00  -1.2285183e+00   6.7951678e+00
  -7.8361815e-01  -9.2058200e-01   5.6748428e+00
  -1.4297922e+00  -7.9205271e-01   5.8473932e+00
  -1.1724353e+00   1.7471328e+00   8.8138216e+00
  -8.8633474e-01  -1.8352072e+00   8.9997007e+00
   9.4741284e-01  -3.4322625e-01   6.0699937e+00
   1.4030727e+00  -1.1580751e+00   5.0610405e+00
   1.5364912e+00  -1.2935791e+00   5.3936761e+00
  -5.1352423e-01  -1.3477476e+00   4.8185059e+00
   2.0222486e-01  -1.9986064e+00   4.8340863e+00
   2.3901715e-01   8.2136997e-01   6.3648384e+00
  -1.6416188e+00  -5.5449212e-01   7.1343656e+00
   1.4966315e+00   2.6300840e-01   6.5725174e+00
  -3.9680488e-01   5.6261258e-01   7.8912352e+00
  -1.3610820e+00   1.3193919e-01   5.3442989e+00
   1.0703489e+00   1.5011098e+00   6.7995998e+00
  -8.5280116e-01  -4.7268512e-01   6.2943218e+00
  -1.3572949e+00   4.7039056e-01   6.0815131e+00
   1.2283036e+00   4.0599719e-01   7.2415516e+00
   1.6732741e+00   8.6057599e-01   7.6373708e+00
  -9.7286824e-01  -1.3974604e+00   4.0154534e+00
   3.3824954e-01   1.9329544e-01   5.8621065e+00
   1.8252435e+00   4.8940952e-01   7.4914465e+00
   1.7521817e+00  -1.5745485e-01   6.3379242e+00
  -3.4549541e-01  -1.9442521e+00   5.0438055e+00
   3.3476785e-01   2.2604884e-01   5.9542182e+00
   1.5219211e+00   2.9040793e-01   8.6578947e+00
   3.8068728e-01   1.5819136e-01   5.5979799e+00
   1.9761614e+00   1.5250910e+00   6.4866059e+00
   5.2065350e-03   4.2190028e-01   7.8741743e+00
   1.5644880e+00   1.0500462e+00   7.4533516e+00
   1.7085469e+00  -1.0855669e+00   6.2190945e+00
   3.7641391e-01   9.8602948e-01   7.5935273e+00
   6.2386963e-01   3.5121315e-01   8.6781284e+00
   5.5511050e-01  -1.1053020e+00   4.8467001e+00
  -4.3624488e-01  -1.6395432e-01   8.2272150e+00
   1.3313312e-01  -1.7148836e+00   5.7680905e+00
   1.7118477e+00  -3.4300811e-01   5.8447691e+00
   1.4035843e+00   1.1904094e+00   5.7511779e+00
   1.1055961e+00  -1.8061193e+00   6.9513535e+00
  -3.6789102e-01   2.4271546e-01   6.0632751e+00
  -9.2394726e-01   1.0618481e+00   5.0322858e+00
  -1.8932482e+00   1.6566082e-02   4.1138385e+00
  -9.6297033e-01  -1.3306309e+00   8.1498281e+00
  -2.9634797e-01  -1.2076486e+00   8.0428197e+00
   5.1671436e-01  -1.0608457e+00   4.0845458e+00
  -6.4164307e-01  -5.2193629e-01   8.0348087e+00
   1.1748395e-01  -1.2637000e+00   7.2137835e+00
  -1.3265829e+00  -1.1593028e+00   6.0014348e+00
  -1.9952567e+00   3.4992218e-01   4.8090634e+00
   5.2929378e-02   1.3262217e-01   7.8600753e+00
  -4.2625813e-01  -1.5642729e+00   7.4967031e+00
  -1.0756556e-02  -1.8542822e+00   6.4853134e+00
   1.4173062e+00  -1.6597363e+00   5.7876516e+00
  -3.0165345e-01  -1.9708673e+00   7.1786612e+00
  -6.6082274e-01  -8.7154761e-01   5.4996810e+00
  -1.1289693e+00  -2.9326427e-01   4.5108131e+00
   1.2778678e-01   1.9706677e-01   6.5810786e+00
   1.4856226e-01   3.0442681e-01   6.7733535e+00
   1.8542529e+00   1.0496753e+00   7.2635193e+00
  -5.5112904e-01  -9.5719231e-01   8.7997700e+00
   9.6157818e-01  -1.3666796e+00   5.1827941e+00
   8.7505781e-02  -1.3618447e+00   8.2758621e+00
   8.7556343e-01   3.9721163e-01   5.8858093e+00
   1.1055204e-01  -8.4952120e-01   8.3478520e+00
   5.1401273e-02  -1.5136554e+00   4.6829506e+00
  -3.2882303e-01  -1.0427276e+00   8.2430900e+00
  -8.5919072e-01   6.8163736e-01   8.2175138e+00
   3.3643923e-01  -1.7318948e+00   6.5281904e+00
   4.6349321e-02  -1.4081434e+00   7.7326420e+00
   1.7013707e+00  -1.3903783e+00   5.7852734e+00
  -8.5687218e-01   2.1829791e-01   6.0365187e+00
   1.6737546e+00  -3.5498923e-01   5.6646276e+00
   8.4861647e-01  -6.7563042e-01   6.7078574e+00
  -1.0928024e+00   7.5739687e-01   4.5130352e+00
  -5.5104893e-01  -1.8661393e+00   8.7099278e+00
  -2.3861851e-01  -1.2741348e+00   8.3352674e+00
   3.2658404e-01  -1.7901066e+00   8.4355025e+00
  -1.7605755e+00   1.6345689e+00   6.6495231e+00
  -3.2680162e-01  -4.1589047e-01   8.5997752e+00
   1.1819963e+00   1.1899267e+00   5.2713952e+00
   8.5591763e-01  -4.8886936e-01   7.1232227e+00
  -6.6005325e-01   6.6884069e-02   8.2677780e+00
   1.5404700e-01   1.6659870e+00   8.3695015e+00
  -1.7266764e-01  -2.9958643e-01   6.1935004e+00
  -9.6558470e-01  -1.9476298e+00   8.6423236e+00
   9.6721467e-01   1.2804500e-02   4.1278410e+00
   1.0329285e+00  -7.6752616e-01   4.3143117e+00
  -1.2359502e+00   9.8334117e-01   6.2648337e+00
   1.6646586e+00  -1.1948383e+00   8.3061934e+00
   1.1022172e+00  -1.7127370e+00   5.1421139e+00
  -1.3820713e+00   7.7228193e-01   7.3909280e+00
   1.9163427e+00   3.0760319e-01   6.3713714e+00
  -1.1727165e+00   1.3705499e+00   7.0256126e+00
  -6.7340856e-01   8.0988314e-01   7.1366647e+00
  -1.0331281e+00   3.9229986e-01   8.5031760e+00
   9.2572624e-01   5.3570063e-01   5.0229426e+00
  -1.6152409e+00   2.9925390e-01   5.5727298e+00
   1.5399513e+00  -7.4516383e-02   5.6913432e+00
  -4.2462874e-01   6.1502969e-01   5.3072182e+00
   2.2721414e-01  -3.3763953e-01   5.3295728e+00
  -1.5654332e-01  -1.1944014e+00   7.4873264e+00
  -1.9059411e+00  -1.3033127e+00   7.1817721e+00
   6.1047868e-01   9.4891876e-01   7.3567875e+00
   1.2266863e+00  -1.2707401e+00   6.3602151e+00
   4.7286112e-02   1.7137317e+00   6.7677335e+00
   7.9541900e-02  -4.5096443e-01   4.9606795e+00
  -2.5711246e-01  -1.0068009e+00   6.2466043e+00
   1.7031902e+00  -5.8804476e-01   8.9728125e+00
   1.1154401e+00   1.5225425e+00   6.9959282e+00
  -7.8501529e-01  -2.4482030e-01   8.4608090e+00
   3.1395161e-01  -7.8346158e-01   4.1329661e+00
   1.4437308e+00   1.7328691e+00   6.8901804e+00
  -6.2419199e-01  -1.0340553e+00   4.8175662e+00
   6.0456204e-01  -1.1442037e+00   5.8860700e+00
   8.4126426e-01   2.8572182e-01   7.0554836e+00
  -5.1719013e-01  -1.6390865e+00   8.6800058e+00
  -6.1620111e-01  -7.9765990e-01   7.4716160e+00
   1.0329012e+00  -1.5499058e+00   7.9378763e+00
  -9.1417920e-01   7.3751844e-02   5.4301823e+00
  -1.4558989e+00   4.8991167e-01   6.3427171e+00
   1.2997347e-01  -2.2219738e-01   8.0401641e+00
  -7.5260225e-01  -1.2708909e+00   7.4637996e+00
  -8.0633377e-01  -2.2311725e-01   5.9871797e+00
   1.6843051e+00  -1.9719716e+00   6.5251224e+00
   1.4381288e+00  -9.4487441e-01   6.4414388e+00
   1.9995837e-01  -1.4741962e+00   5.3100277e+00
  -6.4848276e-01   4.5570521e-01   8.0825838e+00
  -2.6748700e-01  -1.9274521e+00   4.9280741e+00
   7.0939224e-01   7.6482308e-01   4.7450959e+00
   1.7255519e-01  -1.6440247e+00   6.4780118e+00
  -4.7620942e-01   7.9604128e-01   7.6814190e+00
  -1.1046759e+00   1.1901806e+00   5.8178630e+00
