  -1.4324546e+00  -3.1295487e-01   8.5786776e+00
  -1.8153144e+00  -1.6114729e+00   8.1172891e+00
  -1.8622157e+00  -2.4502256e-01   5.9077923e+00
  -4.0942417e-02  -2.1765520e-01   7.2315651e+00
  -1.5240093e+00  -6.5437921e-03   8.7987198e+00
  -6.0006494e-01  -1.2136190e+00   5.2554193e+00
  -1.6965828e+00  -1.7841995e+00   6.6539878e+00
  -6.5150942e-01  -1.3512708e+00   7.9714227e+00
  -1.6647145e+00  -1.0840921e+00   8.5666868e+00
  -1.6622566e+00  -4.0086940e-01   5.2993520e+00
  -1.2726119e+00  -9.4478833e-01   4.7276949e+00
  -3.9276786e-01  -1.6961332e+00   5.1995808e+00
  -1.5067243e+00  -1.2643688e+00   5.1997626e+00
  -3.3093172e-01  -1.8013823e+00   8.5135805e+00
  -1.0332349e+00  -3.8435142e-01   4.4822726e+00
  -1.8279048e+00  -1.3240399e+00   7.2455774e+00
  -5.2833470e-02  -2.5656565e-01   6.2339187e+00
  -1.1690308e+00  -7.9501468e-01   6.3546167e+00
  -1.0963129e+00  -1.3171678e+00   5.1383215e+00
  -2.5720526e-01  -7.5559085e-01   8.6168982e+00
  -2.7917043e-01  -1.2607347e+00   8.5244048e+00
  -9.6774122e-01  -3.6512062e-01   6.9744804e+00
  -1.1130131e+00  -1.5303294e+00   5.4833794e+00
  -7.2488679e-01  -3.0333296e-01   6.5392914e+00
  -1.6579368e+00  -9.5007106e-01   8.0050731e+00
  -1.6051509e+00  -9.5251526e-01   5.6767842e+00
  -1.2087607e+00  -1.8778362e+00   7.7203713e+00
  -4.0394446e-02  -1.3282914e+00   8.8934032e+00
  -1.8480917e-01  -2.7043398e-01   8.1265690e+00
  -1.6661207e+00  -1.4673160e+00   4.8669431e+00
  -1.7581153e+00  -4.0296892e-01   6.6343792e+00
  -8.3206368e-01  -2.7339532e-01   4.0774356e+00
  -5.1036104e-01  -1.2075264e+00   6.4484382e+00
  -1.2363052e+00  -2.8698803e-01   6.4101103e+00
  -2.9896272e-01  -7.4912445e-01   4.8074237e+00
  -1.2849353e+00  -3.0845724e-01   4.4711467e+00
  -1.7247756e+00  -7.2160106e-01   6.6543214e+00
  -6.9941727e-01  -1.5774832e+00   7.0547933e+00
  -9.3411404e-01  -1.3853731e+00   5.4050265e+00
  -3.0260384e-01  -1.5633454e-01   7.8507986e+00
  -1.8569491e+00  -1.2965023e+00   7.6087902e+00
  -1.0605603e-01  -1.3891152e+00   5.7056230e+00
  -1.0550777e+00  -1.5224150e+00   7.0365197e+00
  -1.9944921e-01  -1.6509803e-01   7.3097238e+00
  -7.2770370e-01  -1.5231418e+00   8.6991474e+00
  -1.1252935e+00  -1.5768069e+00   4.5484873e+00
  -1.7456345e+00  -3.8168002e-01   6.2418646e+00
  -1.2318866e+00  -1.4445032e+00   7.4813317e+00
  -6.0914931e-01  -1.4000110e+00   6.9304603e+00
  -9.5141873e-01  -1.8221836e+00   7.7746663e+00
  -1.0288586e+00  -2.3039075e-01   7.4389804e+00
  -1.9216895e+00  -6.7656848e-01   6.1215475e+00
  -9.1891831e-01  -1.2117848e+00   8.1086059e+00
  -1.6401973e+00  -1.5531770e+00   4.6814627e+00
  -1.9976700e-02  -1.4095671e+00   4.2748707e+00
  -1.0886283e+00  -7.6228352e-03   8.5042624e+00
  -1.8018697e+00  -4.1720043e-02   4.9625520e+00
  -1.5076650e+00  -1.1780233e+00   4.7325746e+00
  -1.2437113e+00  -1.8293904e+00   7.1759896e+00
  -1.5042709e+00  -3.8570826e-02   8.2649908e+00
  -1.5771623e+00  -1.4318355e+00   4.8323022e+00
  -1.4642750e+00  -1.8764418e+00   8.6957085e+00
  -7.9477574e-01  -8.1786466e-01   5.6646814e+00
  -6.0848322e-01  -2.1589341e-01   4.2711974e+00
  -8.4860262e-01  -3.4190984e-01   6.3241997e+00
  -1.2875322e+00  -5.6146035e-01   4.2835234e+00
  -1.4635083e+00  -1.1495939e+00   8.4747084e+00
  -1.7141887e+00  -1.0300538e+00   4.2687720e+00
  -2.3311177e-01  -1.9468672e+00   8.4859568e+00
  -1.2133672e+00  -1.6265179e+00   5.5368345e+00
  -1.7576933e-01  -1.5933224e+00   8.9769486e+00
  -6.7162867e-01  -8.1061274e-01   4.3102261e+00
  -8.0702411e-01  -1.8145949e+00   6.5271407e+00
  -6.4760912e-01  -8.2410779e-01   7.7315671e+00
  -1.9586535e+00  -1.8062106e+00   7.3395806e+00
  -1.7946725e+00  -1.7084588e+00   4.4426373e+00
  -5.3425353e-01  -5.2320478e-01   7.4251424e+00
  -1.1758886e+00  -1.6533338e+00   7.8596696e+00
  -1.1773019e+00  -4.4691348e-01   6.7588927e+00
  -8.2373466e-01  -1.0505079e+00   6.6543613e+00
  -1.6340051e+00  -3.7873832e-01   4.5242312e+00
  -1.2501568e+00  -9.3528464e-01   7.9891513e+00
  -9.0824482e-01  -1.8510615e+00   7.3664746e+00
  -2.8174216e-01  -1.9304306e-01   7.0492858e+00
  -1.7623868e+00  -7.3675425e-01   7.8636107e+00
  -1.6305906e+00  -1.9687188e+00   6.1155469e+00
  -1.4627868e+00  -1.6056236e+00   4.7101362e+00
  -1.3269948e+00  -1.2150043e+00   5.5873989e+00
  -7.3428400e-01  -1.1297468e+00   5.2552092e+00
  -1.2622653e+00  -1.1518766e+00   4.3867340e+00
  -7.4628404e-01  -1.3351857e+00   7.1124863e+00
  -4.1280273e-01  -1.7040209e+00   7.4204803e+00
  -6.5875468e-01  -8.0309991e-01   6.2629627e+00
  -3.0941739e-01  -5.6157473e-01   6.7915960e+00
  -1.5005090e+00  -1.9022639e+00   5.4509263e+00
  -1.4695769e-01  -1.1513472e+00   4.4925937e+00
  -4.0447699e-01  -3.3962645e-01   4.9036888e+00
  -9.7845304e-01  -1.9178569e+00   8.6183781e+00
  -2.3985762e-01  -9.6954505e-01   7.7597320e+00
  -1.0853221e+00  -1.7432517e+00   7.8366476e+00
  -3.2380683e-01  -4.3695167e-01   8.0807005e+00
  -1.8994601e+00  -3.1555098e-01   4.9205014e+00
  -1.1049184e+00  -5.0574477e-01   4.4375017e+00
  -1.0054842e+00  -1.9344492e-01   5.1385641e+00
  -1.2714357e+00  -1.8327205e+00   4.5347083e+00
  -3.4629084e-01  -1.1290717e+00   4.6282729e+00
  -1.1028917e+00  -9.2378107e-01   7.3651558e+00
  -1.6036189e+00  -4.0944792e-02   4.9662267e+00
  -1.2840701e+00  -6.4417729e-01   5.0507282e+00
  -1.5938644e+00  -4.3658099e-01   4.2730831e+00
  -1.4498136e+00  -4.3998034e-01   8.6367811e+00
  -1.9463768e-01  -1.0363800e+00   7.5752251e+00
  -5.8743275e-01  -2.0222577e-01   8.8176514e+00
  -1.9229701e+00  -1.6645060e+00   8.8740083e+00
  -1.5119179e+00  -9.2624471e-01   5.2892309e+00
  -6.7333905e-01  -1.3910639e+00   5.7400383e+00
  -1.7808328e+00  -7.8535448e-01   4.2309578e+00
  -1.4451015e+00  -9.7708265e-02   5.8122964e+00
  -1.4659846e+00  -1.9137765e+00   6.7992035e+00
  -1.8965701e+00  -2.1387609e-01   7.2315098e+00
  -1.7117938e+00  -3.7309234e-01   7.3346577e+00
  -1.8103269e-01  -1.0132512e+00   7.9221155e+00
  -1.9842568e-01  -1.1773106e+00   8.4982550e+00
  -3.7072631e-01  -8.9885219e-01   7.5833487e+00
  -4.3989395e-01  -8.3882281e-03   7.4740260e+00
  -6.9583132e-01  -1.7430160e-01   7.5689779e+00
  -1.0150875e+00  -6.2914712e-01   5.8784607e+00
  -1.6630118e+00  -1.3444067e+00   5.6210996e+00
  -7.9309289e-01  -1.9532760e+00   6.6995255e+00
  -1.6185092e+00  -1.4139406e+00   7.1557060e+00
  -6.7727174e-01  -2.7999281e-01   6.4590313e+00
  -1.1916996e+00  -1.8442614e-01   6.1395546e+00
  -1.7986401e+00  -1.0852497e+00   8.1709453e+00
  -1.3899975e+00  -1.9215157e+00   6.1758777e+00
  -3.7289296e-01  -1.5495394e+00   6.2192292e+00
  -7.9926240e-01  -3.9445258e-01   8.1668178e+00
  -3.8548535e-01  -4.3929625e-01   5.8022445e+00
  -1.4389786e+00  -9.5947922e-01   4.4340755e+00
  -2.8241065e-01  -9.7086886e-01   5.4877769e+00
  -3.0056635e-01  -1.5231710e+00   6.4753346e+00
  -1.7036417e+00  -4.2446629e-01   4.0169706e+00
  -1.1172924e+00  -1.9947977e+00   4.9458984e+00
  -1.4300638e+00  -9.2769600e-01   4.8744603e+00
  -1.7265711e+00  -2.5469169e-01   4.8692652e+00
  -1.0878867e+00  -5.1654112e-01   8.4546441e+00
  -6.5386830e-01  -1.2491482e+00   5.6096359e+00
  -1.0274193e+00  -1.3833622e+00   8.7820818e+00
  -1.2967531e+00  -5.5851609e-01   4.9439499e+00
  -1.9952064e+00  -7.3432195e-01   7.4980849e+00
  -6.1095475e-01  -1.6314093e+00   4.7392473e+00
  -1.7722685e+00  -1.9870475e-01   6.9123515e+00
  -1.5355259e+00  -1.7693826e+00   8.8988261e+00
  -1.2568869e+00  -1.2278407e+00   5.7082205e+00
  -1.3922117e+00  -4.1156463e-01   5.8736123e+00
  -1.4755412e+00  -2.5983713e-01   4.4575658e+00
  -1.3095820e+00  -1.6386130e+00   5.2763110e+00
  -1.6400047e+00  -7.1623587e-01   6.5570447e+00
  -9.7851881e-01  -1.6453366e+00   8.1912779e+00
  -1.2360542e+00  -2.2988015e-01   5.9670575e+00
  -7.2758110e-01  -1.4647561e+00   7.3573144e+00
  -1.8682404e+00  -1.7845483e+00   8.0253161e+00
  -1.9450058e-01  -4.6941508e-01   7.9482185e+00
  -3.4445401e-01  -7.6345429e-01   5.3191702e+00
  -1.2249363e+00  -2.7052883e-01   7.7457986e+00
  -1.7942068e+00  -7.8260422e-01   6.9009592e+00
  -8.6102108e-02  -9.7265858e-01   5.8454584e+00
  -1.2071128e+00  -1.2197139e+00   5.6341982e+00
  -7.5556144e-01  -1.7150617e+00   4.9099023e+00
  -1.6280443e+00  -1.4604301e-01   4.0466626e+00
  -1.8784589e+00  -1.1661191e+00   6.2748307e+00
  -1.4909359e+00  -1.9654092e+00   7.6353980e+00
  -2.5378087e-01  -1.8031473e+00   4.2481595e+00
  -4.4400855e-02  -1.1187596e+00   5.1310432e+00
  -5.2398769e-01  -1.1666161e+00   6.2047164e+00
  -6.1495713e-01  -3.2549834e-01   4.7785992e+00
  -3.6907675e-01  -1.8544719e+00   7.7307397e+00
  -1.3806849e+00  -1.4243667e+00   7.0297953e+00
  -9.8207662e-01  -7.0338318e-01   6.0089546e+00
  -3.7450671e-01  -4.5523545e-01   7.0490091e+00
  -1.3324371e+00  -1.2476317e+00   4.4731443e+00
  -6.9677495e-01  -1.6162023e+00   7.7376683e+00
  -1.8993980e+00  -3.4228448e-01   7.6570373e+00
  -1.0997285e+00  -5.9994432e-01   5.4354231e+00
  -1.8116892e+00  -1.1453577e+00   5.9891956e+00
  -6.6532728e-01  -1.0815899e+00   8.6806009e+00
  -8.3815003e-01  -3.8978243e-01   8.3102865e+00
  -9.6857494e-02  -4.0369909e-01   6.9971912e+00
  -7.8459351e-01  -6.6821729e-02   5.6890602e+00
  -1.5662543e+00  -1.8555439e+00   7.0904562e+00
  -1.5442054e+00  -7.5630915e-01   5.1421616e+00
  -1.7974140e+00  -1.3519266e-01   5.6282664e+00
  -1.5678159e+00  -1.6049748e-01   6.2544138e+00
  -1.9250156e-01  -6.6628725e-01   4.2954766e+00
  -2.9122580e-01  -1.3252389e+00   7.7584730e+00
  -2.2183135e-01  -1.6584087e+00   4.2867007e+00
  -8.1786322e-01  -1.3926171e+00   8.2395526e+00
  -2.1513755e-01  -1.3735037e-01   5.3951959e+00
  -1.4726773e+00  -1.5059967e+00   4.9545143e+00
  -1.8542979e+00  -6.9502171e-01   8.8650681e+00
  -5.3986950e-01  -7.6340152e-01   4.6045619e+00
  -1.7840894e+00  -1.9175279e+00   7.4073926e+00
  -1.0485248e+00  -1.0254083e+00   4.5241111e+00
  -1.5045580e+00  -1.3035989e-01   7.2834700e+00
  -2.8882962e-01  -9.3122377e-01   7.7686804e+00
  -8.1058283e-01  -4.1432586e-01   6.1037784e+00
  -3.9164552e-01  -8.1927678e-01   5.5324839e+00
  -1.3791135e+00  -1.9973653e+00   5.4179771e+00
  -4.6852621e-01  -1.6614032e+00   7.6693665e+00
  -1.3727684e+00  -6.9586286e-01   5.5703096e+00
  -3.2192918e-01  -5.6748659e-01   6.4449376e+00
  -9.8396860e-01  -2.7512621e-01   7.5126501e+00
  -3.9068053e-01  -1.2726397e+00   8.2812556e+00
  -1.3507012e+00  -1.9773877e+00   7.8574257e+00
  -1.6501247e+00  -9.5709060e-01   4.1139934e+00
  -3.0366072e-01  -6.3574012e-01   6.7067697e+00
  -8.8068432e-01  -2.1197076e-01   6.9378563e+00
  -1.3395195e-01  -7.5820515e-03   6.4371533e+00
  -1.0821249e+00  -1.6577911e+00   4.3369166e+00
  -1.4412429e+00  -4.2439942e-01   8.9028141e+00
  -2.8415858e-01  -1.9592902e+00   7.0441072e+00
  -1.6184929e+00  -5.8975960e-01   6.9671028e+00
  -2.6652373e-01  -1.4409650e+00   7.7596475e+00
  -1.9038907e+00  -3.5416784e-02   5.3913351e+00
  -6.4097134e-01  -8.5060156e-01   4.8545162e+00
  -1.2990422e+00  -1.2271908e+00   7.0821067e+00
  -1.7614335e+00  -9.2515062e-01   8.9334002e+00
  -3.3226098e-01  -4.7940319e-01   5.0663519e+00
  -4.6824804e-01  -1.8813290e+00   6.3616053e+00
  -2.4890754e-01  -8.7907964e-01   8.9262316e+00
  -1.7390408e+00  -6.5635531e-01   4.0216754e+00
  -1.7265164e+00  -1.6601170e+00   4.3416973e+00
  -3.6073400e-01  -1.5064745e+00   6.2150830e+00
  -1.8323160e+00  -1.4306411e+00   4.3829642e+00
  -1.2993192e-01  -1.4346559e+00   4.3406723e+00
  -7.9218612e-01  -1.6415523e+00   8.1298274e+00
  -1.0445252e-01  -1.3850726e-02   5.5448554e+00
  -1.1471409e+00  -1.2270021e+00   8.1637712e+00
  -1.4896838e+00  -1.3232067e+00   4.0049971e+00
  -3.2735012e-01  -4.6057284e-02   4.7993442e+00
  -1.9910472e+00  -4.8110424e-01   8.5220285e+00
  -1.4333481e+00  -2.4842297e-01   5.7519019e+00
  -1.0043216e+00  -9.8858502e-01   7.8362180e+00
  -1.5551568e-01  -1.6361532e+00   6.8213441e+00
  -4.8157886e-01  -7.2372872e-01   8.9302553e+00
  -1.9103454e+00  -1.7846738e+00   4.7043690e+00
  -2.2174610e-02  -1.7288580e+00   8.4882327e+00
  -8.4573876e-01  -9.2381274e-01   6.9709709e+00
  -9.6483904e-02  -5.2675585e-01   7.2780555e+00
  -1.1792750e+00  -2.4346367e-01   4.1362511e+00
  -1.7459711e-01  -1.8086248e+00   7.6912850e+00
  -9.5529532e-01  -1.6207693e+00   6.2548174e+00
  -8.9024512e-01  -1.9755688e+00   5.8735557e+00
  -2.5226888e-01  -7.8280612e-01   5.4543017e+00
  -4.1108696e-01  -8.2323583e-02   6.8249805e+00
  -4.1522442e-02  -9.2075347e-01   8.9487007e+00
  -7.5298019e-01  -1.7787449e+00   7.7689589e+00
  -1.4722101e+00  -5.7631152e-01   5.9793548e+00
  -8.4771742e-01  -9.9862847e-01   6.4418982e+00
  -1.5267684e+00  -1.8439081e+00   6.9909726e+00
  -1.5468942e+00  -5.8172264e-01   5.2096842e+00
  -5.9560627e-01  -1.7828106e+00   7.5435231e+00
  -1.3859248e+00  -5.7285121e-01   4.7197540e+00
  -1.8614798e+00  -1.9550483e-01   4.0689728e+00
  -4.5430880e-01  -2.7426649e-01   8.1544324e+00
  -2.8033879e-01  -1.1713677e+00   5.6170069e+00
  -1.5565191e+00  -4.9915978e-01   5.6495199e+00
  -8.0686340e-01  -1.3918919e-02   8.4495212e+00
  -1.7402739e+00  -5.6568016e-01   5.1712562e+00
  -1.7856993e+00  -4.9979369e-01   7.8749709e+00
  -6.8088133e-01  -1.1830573e+00   7.8360737e+00
  -1.0602942e+00  -4.0441777e-01   5.3406221e+00
  -5.4708552e-01  -3.6952222e-01   5.8434986e+00
  -1.1742759e+00  -6.4558530e-01   6.8706281e+00
  -5.2270242e-02  -9.5112406e-01   6.8979673e+00
  -5.8448334e-01  -6.1125481e-01   5.2685905e+00
  -8.0881927e-01  -1.4999425e+00   5.9417783e+00
  -1.6647165e+00  -6.4915204e-01   5.1806458e+00
  -1.3898477e+00  -1.3777896e+00   4.4478470e+00
  -1.0627887e+00  -1.4120241e-01   7.0969340e+00
  -7.1902577e-01  -2.8262725e-02   5.1082638e+00
  -1.1157716e+00  -1.6162200e+00   4.3008271e+00
  -1.5851486e+00  -4.8995392e-01   5.3143040e+00
  -3.4704901e-01  -1.1288319e+00   8.2927681e+00
  -4.6073719e-01  -1.3494279e+00   7.9837571e+00
  -1.5447313e+00  -1.3647028e+00   5.7791406e+00
  -9.2623937e-01  -9.6761446e-01   6.4050477e+00
  -1.0906341e+00  -1.8055908e+00   4.8462091e+00
  -9.6621477e-01  -1.2083598e+00   7.0284653e+00
  -6.4124878e-01  -1.2085506e+00   6.5341669e+00
  -1.7766067e+00  -1.4471346e+00   8.3153249e+00
  -3.1301407e-01  -3.5474330e-01   8.7957067e+00
  -1.6150930e+00  -4.6167120e-01   6.5013628e+00
  -1.8529611e+00  -1.1150850e-01   7.2253616e+00
  -1.8393745e+00  -1.0664983e+00   5.8055647e+00
  -1.3174983e+00  -4.0322638e-01   8.5988860e+00
  -1.0958183e+00  -5.5597322e-01   5.6228101e+00
  -1.4869398e+00  -9.8835536e-01   8.4198077e+00
  -1.2148923e+00  -1.5145854e+00   6.7184750e+00
  -7.4151701e-01  -4.7183634e-01   7.9576963e+00
  -5.4239453e-01  -1.3140757e+00   7.9768078e+00
  -2.9332351e-02  -5.8150858e-01   7.8753060e+00
  -5.5226909e-01  -1.4603175e+00   8.5690675e+00
  -1.3925252e+00  -4.7734290e-01   8.1050970e+00
  -1.3145425e+00  -6.8009887e-01   8.8323599e+00
  -1.7450452e+00  -2.9806753e-01   6.0216908e+00
  -3.9882846e-01  -1.5523094e+00   6.1215539e+00
  -5.8367569e-01  -9.3503248e-01   5.4574902e+00
  -1.2464418e+00  -1.9085615e+00   6.2470209e+00
  -1.6603810e+00  -1.1420845e+00   5.2439945e+00
  -1.6735065e+00  -9.0208237e-01   8.3375919e+00
  -1.3559164e+00  -2.7049269e-01   6.5254304e+00
  -4.9867088e-01  -7.8511088e-02   5.7121070e+00
  -1.3384310e+00  -1.2735861e+00   7.4571828e+00
  -1.1449459e+00  -8.0758056e-01   7.8416757e+00
  -1.3946378e+00  -1.3117287e-02   8.0432613e+00
  -1.0827750e+00  -1.2710879e+00   4.8317625e+00
  -1.4015716e+00  -1.1890104e+00   8.7747945e+00
  -1.5682590e+00  -1.2844031e+00   7.7327571e+00
  -1.8021259e+00  -1.7148605e+00   6.4456276e+00
  -1.3035285e+00  -1.0216149e+00   7.2046456e+00
  -1.5380248e+00  -1.6788762e+00   5.8023381e+00
  -3.8231139e-02  -2.4821376e-01   7.8632779e+00
  -1.5583678e+00  -1.1334105e+00   8.0551011e+00
  -1.9489777e+00  -4.9136299e-01   4.8390584e+00
  -1.8415846e+00  -1.2256275e-01   4.7504836e+00
  -1.5829880e+00  -1.2096489e-01   5.0953095e+00
  -1.9486170e+00  -1.2535519e+00   6.4261523e+00
  -5.7497463e-01  -9.7686233e-02   7.3551101e+00
  -8.2682143e-01  -1.7936472e+00   6.5206409e+00
  -6.7484143e-01  -1.8699459e-01   7.6869232e+00
  -1.2622635e+00  -1.8173667e+00   8.4252075e+00
  -1.3349939e+00  -1.0748877e+00   4.2610432e+00
  -4.2362728e-01  -5.6288815e-01   4.4442623e+00
  -1.6112672e+00  -1.4514576e-01   6.9490874e+00
  -2.4390045e-01  -1.4037717e+00   4.1413973e+00
  -1.5391730e+00  -4.9963348e-01   8.1444687e+00
  -7.6783793e-02  -1.7339172e+00   8.4888561e+00
  -2.3001219e-01  -1.8325672e-01   8.7264100e+00
  -6.2911747e-01  -2.6802978e-02   7.5088697e+00
  -1.4987008e+00  -5.4209130e-01   7.3811505e+00
  -1.9990757e+00  -1.4021451e+00   5.3691715e+00
  -8.6282770e-01  -2.5873678e-01   8.5187953e+00
  -1.8138621e+00  -3.0987445e-01   6.3386713e+00
  -1.9094881e+00  -1.7397038e+00   8.6197817e+00
  -1.3945053e+00  -1.4015656e+00   5.7540105e+00
  -1.4080795e-01  -1.4749898e+00   8.4319574e+00
  -1.9888383e+00  -1.3881888e+00   6.6708041e+00
  -2.0664248e-01  -1.0236569e+00   8.0169254e+00
  -1.8270365e-02  -1.3359505e+00   5.6299883e+00
  -1.7240886e+00  -1.3328617e+00   8.7371913e+00
  -1.0194770e+00  -1.7435111e+00   5.3157416e+00
  -1.5891186e+00  -6.5123901e-02   6.0944223e+00
  -8.6460852e-01  -1.8072754e+00   5.0958299e+00
  -1.0432959e+00  -1.8829661e+00   7.5115546e+00
  -8.6165413e-02  -7.1794862e-01   7.0078990e+00
  -7.7182450e-01  -1.7557954e+00   5.0973557e+00
  -1.5413263e+00  -1.9503602e+00   5.0811366e+00
  -1.0178314e+00  -1.2250106e+00   4.4543529e+00
  -5.2623334e-01  -1.9688284e+00   7.0135066e+00
  -8.4581024e-02  -7.6752924e-01   7.7222222e+00
  -2.1290349e-01  -6.3515542e-01   8.1957090e+00
  -8.5392618e-01  -1.6904398e+00   8.5028615e+00
  -2.7819075e-01  -3.3512745e-01   7.6438174e+00
  -1.1369550e+00  -1.6850421e+00   8.6652993e+00
  -1.3323736e+00  -2.2889131e-01   7.1649678e+00
  -3.7711683e-01  -7.5009600e-01   7.4694948e+00
  -1.5596446e+00  -8.8309066e-01   7.8381808e+00
  -1.1357736e+00  -1.8637515e+00   6.1827595e+00
  -5.6178782e-01  -1.8926455e+00   6.5020960e+00
  -4.3552475e-01  -1.8659790e+00   6.0300770e+00
  -4.8483170e-01  -9.2732226e-01   4.7646059e+00
  -1.3910686e+00  -1.2296797e+00   7.9548782e+00
  -1.7571796e+00  -4.4069123e-01   5.4998293e+00
  -1.7518300e+00  -1.4815521e+00   6.2530704e+00
  -1.8048620e+00  -7.4467056e-01   7.2081558e+00
  -6.7650744e-01  -3.5323909e-01   7.9700312e+00
  -6.2716712e-01  -1.4957306e-01   5.8391183e+00
  -3.5545007e-02  -4.0616706e-01   6.3874210e+00
  -1.7336495e+00  -3.5588605e-01   8.8454598e+00
  -3.1757397e-02  -9.6762153e-01   4.1848311e+00
  -1.6943542e+00  -3.5663863e-01   4.7149528e+00
  -1.8599097e+00  -3.7810011e-01   5.2483438e+00
  -8.4091033e-01  -4.9375829e-01   4.5687768e+00
  -1.3904767e+00  -1.0098160e+00   6.2368440e+00
  -1.5232012e-02  -7.5812258e-01   6.8928723e+00
  -9.1925815e-01  -3.9679706e-01   6.7712730e+00
  -2.2453857e-01  -1.6384635e+00   7.7219065e+00
  -1.8695382e+00  -2.8102983e-01   4.1863114e+00
  -1.1433368e+00  -1.9845634e+00   8.4029073e+00
  -1.0595135e+00  -1.0205415e+00   7.2045852e+00
  -9.4533597e-01  -1.0608579e+00   8.1982861e+00
  -1.7839881e-02  -1.3905345e+00   5.1538408e+00
  -3.5090737e-01  -5.5117715e-01   7.9069601e+00
  -1.2364693e+00  -2.8543464e-01   4.0722837e+00
  -6.9885805e-01  -1.4611919e+00   6.2525873e+00
  -1.4765733e+00  -1.2433843e+00   4.7681992e+00
  -1.8843917e+00  -1.9636604e+00   6.9822587e+00
  -7.9541219e-01  -1.7702084e-02   5.2908151e+00
  -3.5526044e-01  -1.0540433e+00   4.9752766e+00
  -8.1531271e-01  -1.4887245e-01   8.6261621e+00
  -1.1364434e+00  -1.9959645e+00   8.5330312e+00
  -2.3786211e-01  -1.4685042e+00   6.1960187e+00
  -1.6452843e+00  -9.9659347e-01   6.2377951e+00
  -1.0390915e+00  -1.7188194e+00   5.5002061e+00
  -1.4719565e+00  -1.3672815e+00   4.3107353e+00
  -1.9705772e+00  -1.5743156e+00   4.5339721e+00
  -5.3156382e-01  -1.0415692e+00   5.7307010e+00
  -1.0015207e+00  -4.5174274e-01   6.1051919e+00
  -1.2712310e+00  -1.7382553e+00   7.0517513e+00
  -1.9107285e-01  -1.7172493e+00   5.2063908e+00
  -1.2666532e+00  -1.6923242e+00   4.7683138e+00
  -5.0329777e-01  -1.2405501e+00   7.2325088e+00
  -1.9855788e+00  -8.6844838e-01   7.1930030e+00
  -1.2691350e+00  -1.5951418e+00   5.0079216e+00
  -1.4610160e+00  -7.0484338e-01   8.7527252e+00
  -1.3732128e+00  -1.7675047e+00   5.6985348e+00
  -2.7525453e-01  -9.7379849e-02   7.9261045e+00
  -1.4773936e+00  -1.7945771e+00   7.1375324e+00
  -1.8836498e+00  -1.4552216e+00   7.4727780e+00
  -1.7011675e+00  -1.2701963e+00   4.1584383e+00
  -1.1111061e+00  -1.6655651e+00   4.3685078e+00
  -6.1998646e-01  -6.8546963e-01   8.6374277e+00
  -1.0816584e+00  -1.9723489e+00   7.8331970e+00
  -1.9126670e+00  -4.2758626e-01   5.2627008e+00
  -1.7306232e+00  -2.4986083e-01   5.6041997e+00
  -1.4637918e+00  -1.4616594e+00   8.0297383e+00
  -3.6042328e-01  -5.1524849e-01   5.1342705e+00
  -2.1587616e-01  -9.3511425e-01   6.2954820e+00
  -2.6837869e-01  -9.6150626e-01   4.6685725e+00
  -9.3108363e-01  -1.8419748e+00   5.4828089e+00
  -1.8193925e+00  -1.0374165e+00   4.0442752e+00
  -1.2469129e+00  -7.0321415e-01   7.5801867e+00
  -1.8078855e+00  -4.5859158e-01   5.8085819e+00
  -1.7267630e+00  -1.7802771e+00   7.1876132e+00
  -1.7308793e+00  -1.2736729e+00   6.8787381e+00
  -1.2564599e+00  -8.3420658e-01   6.3083205e+00
  -6.1209024e-01  -7.2733713e-01   6.2995729e+00
  -1.0564203e+00  -1.8889918e+00   7.2922673e+00
  -1.3041801e+00  -1.5298208e+00   4.8701876e+00
  -1.0800151e+00  -1.9125125e+00   4.6949444e+00
  -1.3895351e+00  -1.4521969e+00   7.5490156e+00
  -1.4054214e-01  -1.5469153e+00   7.5043943e+00
  -2.2264734e-01  -1.7246875e-01   6.9990857e+00
  -5.1067088e-01  -3.7721724e-01   6.1941196e+00
  -5.8120807e-01  -6.4391655e-01   8.4793002e+00
  -1.8706073e-01  -1.7010022e+00   7.3167031e+00
  -1.2382556e+00  -1.8973072e+00   4.2840748e+00
  -1.4282577e+00  -1.3143250e+00   7.1292239e+00
  -1.8819392e+00  -1.1067094e-01   7.3922139e+00
  -1.5408441e+00  -1.0557443e+00   5.4454030e+00
  -1.3089748e+00  -7.0517551e-01   8.0055505e+00
  -1.2423465e+00  -1.8841025e+00   4.6369360e+00
  -1.4650573e+00  -1.4867562e+00   8.6762990e+00
  -7.7670557e-01  -1.9378055e+00   6.9374405e+00
  -1.7638448e+00  -4.7587977e-01   7.6118473e+00
  -1.9492708e+00  -1.0839082e+00   5.3183983e+00
  -4.3988743e-01  -1.0206424e-01   8.1266036e+00
  -1.7824735e+00  -9.5994328e-01   6.9455178e+00
  -8.1065538e-02  -1.2053975e+00   5.1950633e+00
  -1.9430869e+00  -7.3408885e-01   4.5593537e+00
  -9.0243654e-02  -7.7781679e-01   6.5816649e+00
  -7.5479128e-01  -6.2009252e-01   7.3315245e+00
  -9.9048196e-01  -1.1997016e+00   4.3450493e+00
  -5.1265990e-02  -4.6085551e-01   4.3070426e+00
  -6.0652639e-01  -5.4759227e-02   7.3975875e+00
  -8.7893910e-01  -1.6951823e+00   6.2231249e+00
  -1.3371748e+00  -4.0500411e-01   8.6029234e+00
  -8.0747462e-01  -1.4673089e+00   5.4750448e+00
  -1.3334917e+00  -7.3158424e-01   4.5491984e+00
  -6.6786979e-01  -3.4633379e-01   6.0717408e+00
  -1.0420550e-01  -1.4350234e+00   8.7546244e+00
  -6.9942640e-01  -5.2944280e-01   7.9741973e+00
  -8.1841660e-01  -1.8061818e+00   6.2137019e+00
  -1.9630786e+00  -9.2860593e-02   5.2516476e+00
  -1.5044900e+00  -1.2550472e+00   7.2325136e+00
  -1.4873237e+00  -1.6747180e+00   7.2961353e+00
  -4.6127998e-01  -1.8396691e+00   6.9146679e+00
  -1.7012803e+00  -8.2517602e-01   5.1736990e+00
  -1.2672177e+00  -2.1010691e-01   5.6333931e+00
  -1.6732411e+00  -1.4362551e-01   4.1527739e+00
  -4.0152416e-01  -6.9833006e-01   6.7769506e+00
  -8.1831959e-01  -5.3551999e-01   5.7452416e+00
  -8.3179249e-01  -1.0638537e+00   5.0047418e+00
  -1.0657412e+00  -1.8706866e+00   6.8992963e+00
  -8.4184072e-01  -1.9259883e+00   7.5074820e+00
  -1.4311521e+00  -4.9766490e-01   7.9678031e+00
  -1.4162161e+00  -1.0666573e+00   5.2335054e+00
  -1.3188690e+00  -1.0597727e+00   5.3773054e+00
  -3.8229517e-01  -7.9105030e-01   7.7865554e+00
  -5.6102442e-01  -1.5004017e+00   7.0859128e+00
  -5.7792219e-01  -5.4824725e-01   4.3424414e+00
  -1.6955335e+00  -9.9351270e-01   4.6672726e+00
  -7.9737220e-01  -1.8318438e+00   6.6395065e+00
  -9.7591066e-01  -3.6516003e-01   8.7375632e+00
  -9.5662659e-01  -2.7682776e-02   8.2791795e+00
  -1.9600894e+00  -1.7633868e+00   5.6132619e+00
  -1.8880268e+00  -1.7326330e+00   8.6353207e+00
  -1.6489130e+00  -6.7040575e-01   6.6309045e+00
  -3.3293719e-01  -8.7882853e-01   6.9905016e+00
  -1.8541006e+00  -1.7452540e+00   5.6144125e+00
  -1.6064859e+00  -1.3198215e+00   5.8558190e+00
  -1.3037566e+00  -1.7513922e+00   6.0332971e+00
  -1.4774830e-01  -1.1893028e+00   8.3477495e+00
  -1.8821554e-01  -1.7678953e+00   4.5313469e+00
  -1.8922221e+00  -7.0990946e-01   6.3188812e+00
  -1.7706293e+00  -7.9617426e-01   6.6086062e+00
  -1.9490334e-01  -1.0001233e+00   8.7771877e+00
  -1.0849409e+00  -3.0590052e-01   5.3679811e+00
  -1.0745311e+00  -1.5260560e+00   4.4939002e+00
  -6.5607489e-01  -1.4206326e+00   5.2244026e+00
  -4.8411337e-01  -9.1872155e-01   5.0779965e+00
  -8.8015247e-01  -6.6596795e-01   5.8346998e+00
  -1.2751100e+00  -2.9501335e-01   4.4908398e+00
  -1.7572385e+00  -1.2969138e+00   6.0816593e+00
  -1.4497479e+00  -3.0365027e-01   7.8228339e+00
  -5.5766896e-01  -1.2357069e+00   7.5719883e+00
  -1.7963415e+00  -1.7756170e+00   5.6759870e+00
  -1.5929515e+00  -5.3249624e-01   5.3792277e+00
  -9.3560999e-01  -1.0938454e+00   4.0066039e+00
  -1.1136794e+00  -1.1841620e+00   7.1204965e+00
  -1.1915295e+00  -1.2362815e-01   5.8919759e+00
  -6.3842507e-01  -1.7445953e+00   7.8066797e+00
  -1.7941713e+00  -7.7001625e-01   8.8272238e+00
  -1.2225795e+00  -1.1141888e+00   7.5288152e+00
  -1.5916248e+00  -1.4150116e+00   7.3578238e+00
  -1.5480498e+00  -1.4705214e+00   4.3200113e+00
  -1.3481436e+00  -1.8524903e+00   5.3636233e+00
  -1.0794656e+00  -5.6582124e-01   4.6717135e+00
  -1.0005890e+00  -5.4099029e-01   5.9952877e+00
  -8.5929681e-01  -1.9404205e+00   4.4707488e+00
  -6.8510792e-01  -7.7773471e-01   4.0901107e+00
  -1.3511704e+00  -2.2404215e-01   7.8338501e+00
  -1.2472107e+00  -1.5972664e+00   5.4328198e+00
  -1.9160331e+00  -1.6927190e+00   5.8835721e+00
  -1.4032253e+00  -1.8636124e+00   7.9112485e+00
  -1.0814971e+00  -5.6422552e-01   5.8158205e+00
  -9.3022755e-01  -6.5078895e-01   4.4348032e+00
  -1.9376139e-01  -1.8134389e-01   4.1451775e+00
  -8.4765939e-01  -4.9355374e-01   4.7324652e+00
  -1.7018655e+00  -1.5702850e-01   5.8519719e+00
  -1.5847669e-01  -1.9438647e+00   4.0249160e+00
  -1.3350929e+00  -5.3624464e-01   7.5910524e+00
  -1.3623055e+00  -8.8491412e-01   7.2246922e+00
  -8.5118340e-01  -7.1227643e-01   4.7770840e+00
  -1.7153390e+00  -1.3662028e+00   4.2476015e+00
  -1.9423966e+00  -6.2388500e-01   6.6683237e+00
  -4.4104647e-01  -1.3983485e+00   5.6685221e+00
  -1.5316421e+00  -4.0579826e-01   8.1569150e+00
  -4.4172251e-01  -3.9449347e-02   8.4345205e+00
  -7.8688221e-01  -1.8281291e+00   8.1775377e+00
  -6.6461167e-01  -1.1787329e+00   6.4717853e+00
  -7.6433847e-01  -1.0764864e+00   8.5459353e+00
  -1.8247299e+00  -3.0038863e-01   6.6079064e+00
  -8.4836290e-01  -9.3254056e-01   8.4508909e+00
  -5.3559524e-01  -1.3999384e+00   8.7316378e+00
  -7.6009487e-03  -1.7615055e+00   6.5758159e+00
  -1.3493703e+00  -2.8761552e-01   4.2092593e+00
  -6.2108663e-01  -1.8909937e+00   8.5264133e+00
  -6.7274529e-01  -6.5555021e-01   8.7667280e+00
  -8.1195884e-01  -3.0567024e-01   6.6420721e+00
  -4.3272668e-01  -1.1721468e+00   7.6226015e+00
  -1.0374395e+00  -1.0887656e+00   5.7856019e+00
  -5.9891186e-01  -1.6526996e-01   8.7554833e+00
  -1.4680665e+00  -1.7187710e+00   7.5304072e+00
  -2.5302072e-01  -6.2100458e-01   4.2440306e+00
  -1.3704498e+00  -3.4000691e-01   7.4366640e+00
  -1.0803038e+00  -6.5043567e-01   6.7581905e+00
  -1.4841105e+00  -1.1406574e+00   5.4641482e+00
  -2.0013667e-01  -1.0388715e+00   5.3163174e+00
  -8.9501359e-01  -1.0834418e+00   8.7646421e+00
  -1.2373663e+00  -2.0280150e-01   7.8432759e+00
  -1.6870480e+00  -1.3122247e+00   7.6064017e+00
  -2.8676462e-01  -3.0789756e-01   5.0946214e+00
  -1.2941392e-02  -1.8405211e+00   6.8240825e+00
  -1.0072802e+00  -6.1483952e-01   5.1666936e+00
  -9.6222173e-01  -6.1682194e-01   8.5147747e+00
  -1.9491965e+00  -1.4711088e+00   5.9403133e+00
  -1.6189629e+00  -1.0165113e+00   8.6732878e+00
  -1.5554112e+00  -1.1452231e+00   4.1818488e+00
  -2.2182028e-01  -6.9367639e-01   5.4364712e+00
  -1.4192043e-02  -1.2731792e+00   8.6689594e+00
  -1.3807939e+00  -2.1818980e-01   6.6881071e+00
  -1.8546831e+00  -1.2455837e+00   6.8877367e+00
  -1.7662276e+00  -1.5067274e+00   7.1536287e+00
  -5.1958262e-01  -7.2171091e-01   7.9784717e+00
  -1.7179675e+00  -9.3475324e-01   4.8543742e+00
  -1.4101010e+00  -7.4003165e-01   4.8568773e+00
  -1.7852262e+00  -1.8113279e+00   4.2792890e+00
  -1.7139520e+00  -1.9372978e+00   8.8683950e+00
  -1.5295755e+00  -9.5478692e-01   8.4667900e+00
  -8.3079146e-01  -1.2510104e+00   7.7157417e+00
  -6.0871501e-01  -1.7784458e+00   8.0972072e+00
  -1.5758386e+00  -1.9757038e+00   5.3752118e+00
  -1.9580023e+00  -1.4335331e+00   6.4140492e+00
  -4.0693925e-01  -1.4507781e+00   8.7638085e+00
  -3.0467765e-01  -1.6974481e+00   5.5690744e+00
  -7.9570190e-01  -1.0559792e+00   8.1578913e+00
  -1.3128150e+00  -1.0497948e+00   6.1714258e+00
  -1.8997513e+00  -9.2541363e-01   8.9007967e+00
  -1.1820567e+00  -1.7485889e+00   7.1119295e+00
  -9.3061898e-01  -1.0819248e-01   4.8042267e+00
  -1.3644088e+00  -9.2663212e-01   7.7856003e+00
  -1.2717641e-01  -1.6247878e+00   7.6258523e+00
  -1.8771033e-01  -4.2096505e-01   8.8079765e+00
  -1.9672868e+00  -4.0624524e-01   6.4388614e+00
  -1.8274516e+00  -1.3377673e+00   6.5555295e+00
  -1.8328348e-02  -7.4606534e-01   5.6175048e+00
  -1.2589867e+00  -1.6603119e+00   5.0351460e+00
  -1.8390185e+00  -1.3453660e+00   6.1906167e+00
  -6.9732958e-01  -1.6402706e+00   8.0515982e+00
  -9.3626465e-01  -1.5820719e-01   7.1158047e+00
  -1.0833108e+00  -1.6309817e+00   5.2048933e+00
  -9.2927923e-01  -3.0453127e-01   7.9966190e+00
  -2.4251267e-01  -7.7255984e-01   5.3750649e+00
  -1.4450105e+00  -1.3338101e+00   6.4697370e+00
  -5.6592183e-01  -1.6381684e+00   4.0412402e+00
  -1.0572266e+00  -9.1117825e-01   4.0433425e+00
  -1.4880694e+00  -1.4253089e-01   7.7129525e+00
  -4.9560322e-01  -2.3463016e-01   6.5806192e+00
  -7.9954154e-01  -8.6712776e-02   4.0312344e+00
  -1.3142564e+00  -7.8577026e-01   7.7223228e+00
  -1.8469335e+00  -1.2193996e+00   5.6534085e+00
  -3.5775253e-01  -1.9586656e+00   5.5503450e+00
  -5.8875676e-01  -3.9939035e-01   6.9896145e+00
  -6.9040183e-01  -1.6189489e+00   6.2084131e+00
  -1.6854613e+00  -7.9107629e-01   5.5020124e+00
  -1.9071152e+00  -1.2955430e+00   8.3045940e+00
  -3.4255965e-01  -1.0817391e+00   8.0918510e+00
  -8.2651742e-01  -9.2482505e-02   4.6479122e+00
  -1.0875061e+00  -1.2757118e+00   7.3600779e+00
  -2.7220562e-01  -2.7738852e-01   8.3761652e+00
  -1.7294362e+00  -6.4037284e-01   4.8853103e+00
  -1.0506333e+00  -1.4413639e+00   5.1036514e+00
  -1.1714414e+00  -1.8967230e+00   4.8510447e+00
  -1.3916002e+00  -8.1615382e-02   8.4442117e+00
  -4.4931607e-01  -1.7730155e+00   7.4478528e+00
  -1.6756454e+00  -1.2931331e-01   7.6433586e+00
  -1.1196187e+00  -1.0567800e+00   8.0506475e+00
  -1.3781768e+00  -3.3168352e-01   6.7723851e+00
  -1.1238463e-02  -1.1628520e+00   7.6079857e+00
  -1.9553289e+00  -1.0619380e+00   7.5349210e+00
  -1.6270643e+00  -1.8336026e+00   7.7964008e+00
  -1.8578554e+00  -1.8421404e-01   6.8148853e+00
  -1.0764688e+00  -1.4209503e+00   7.3854791e+00
  -6.5001310e-01  -2.8225748e-01   7.9688934e+00
  -5.0583533e-01  -1.6847340e+00   4.1546497e+00
  -1.4678217e+00  -1.0489210e+00   4.6386173e+00
  -1.5157738e-02  -8.4935116e-01   4.9150966e+00
  -1.7671687e+00  -1.8237351e+00   5.3977942e+00
  -5.9205071e-01  -1.5993659e+00   7.9650112e+00
  -6.3079655e-01  -4.5186571e-01   4.1308795e+00
  -3.1416520e-01  -1.5119891e-01   5.5721939e+00
  -1.0973532e+00  -1.5362525e+00   4.6698305e+00
  -7.5625936e-01  -1.9691789e+00   7.0781084e+00
  -4.1945593e-01  -2.5063119e-01   4.4244139e+00
  -1.6215599e+00  -1.2481912e+00   7.3391829e+00
  -1.1292774e+00  -1.9659123e+00   5.5031329e+00
  -1.2543889e+00  -4.2873441e-01   4.7729692e+00
  -5.6624438e-01  -1.8986638e+00   5.0929408e+00
  -5.7989076e-02  -1.8611266e+00   4.5721981e+00
  -1.1726246e+00  -1.8505349e+00   7.3168248e+00
  -1.9242485e+00  -1.2626375e+00   4.1337035e+00
  -1.7265864e-01  -2.3162956e-02   6.1285698e+00
  -8.3088275e-01  -8.3328664e-01   5.2275002e+00
  -6.1941937e-01  -8.3427989e-01   7.5176430e+00
  -1.1986896e+00  -1.9416545e+00   7.8158301e+00
  -1.7646894e+00  -1.1041869e+00   4.8399079e+00
  -1.2445852e+00  -2.7937173e-02   6.7976993e+00
  -1.3907521e+00  -5.9095879e-01   7.2254896e+00
  -1.5397043e+00  -9.1375651e-01   5.5719314e+00
  -1.2789515e+00  -1.1981396e+00   7.5967878e+00
  -4.8182461e-01  -1.6270801e+00   5.2957272e+00
  -6.5665343e-01  -4.9955115e-01   4.7312983e+00
  -7.3292048e-01  -8.7509838e-01   8.1006181e+00
  -1.6222901e+00  -7.5646553e-01   8.0631819e+00
  -6.9338943e-01  -1.1215325e+00   6.5911187e+00
  -6.2590489e-01  -1.9629043e+00   4.9622324e+00
  -1.9012744e+00  -6.3517416e-01   6.1070284e+00
  -1.6799554e+00  -1.6825848e+00   4.3618812e+00
  -1.0798375e+00  -1.5318387e+00   8.9488553e+00
  -1.7179340e+00  -1.7599054e+00   7.3078855e+00
  -6.2376892e-01  -1.4859466e+00   7.1856783e+00
  -2.6408088e-01  -3.9277405e-01   7.0407117e+00
  -9.7710909e-01  -4.8675677e-01   8.9686785e+00
  -1.7902351e+00  -7.0632406e-01   7.9984331e+00
  -1.3277196e+00  -6.4049299e-01   4.3372306e+00
  -8.0394318e-01  -3.2473962e-01   4.2791610e+00
  -1.8765747e+00  -1.2536785e+00   5.3545282e+00
  -1.7350268e+00  -6.6602523e-01   4.2495279e+00
  -1.5947660e+00  -1.7125209e+00   8.5225651e+00
  -1.1069053e+00  -1.4749599e+00   4.8623916e+00
  -1.0238912e+00  -2.5752715e-01   8.1427643e+00
  -1.6855206e+00  -1.7764029e+00   7.1749393e+00
  -9.1346870e-01  -1.5729974e+00   4.3025671e+00
  -3.1212283e-01  -5.3670920e-01   4.4107936e+00
  -1.7209208e+00  -1.5164415e+00   7.3892650e+00
  -1.1242550e+00  -1.0508803e+00   4.0431731e+00
  -1.4562254e+00  -1.2170272e+00   7.6014959e+00
  -5.7864374e-02  -1.7126604e+00   7.9372180e+00
  -4.2507154e-01  -1.0553544e+00   4.4028383e+00
  -6.2741573e-01  -1.7463087e+00   7.0623663e+00
  -1.9382094e+00  -1.1598252e+00   6.6823420e+00
  -6.6509898e-01  -1.2342707e-01   4.0144843e+00
  -7.5636695e-01  -5.9111097e-02   5.3108270e+00
  -1.4466891e+00  -2.4899424e-01   8.3764134e+00
  -1.6886864e+00  -1.0342692e+00   4.1289208e+00
  -1.5654149e+00  -1.6437825e+00   4.5756479e+00
  -6.9991248e-01  -1.2109130e+00   8.3144644e+00
  -1.8398294e+00  -7.6336254e-01   8.8354623e+00
  -9.3203921e-01  -1.5124978e+00   7.0368890e+00
  -7.3107231e-02  -1.6996140e+00   4.4536061e+00
  -5.6230367e-01  -1.7322784e+00   8.8296675e+00
  -6.1164625e-01  -1.1294935e+00   4.1892065e+00
  -1.3862983e+00  -5.0647105e-01   8.3840751e+00
  -1.9594170e+00  -1.6332799e+00   7.0371751e+00
  -1.7046586e+00  -1.0337230e+00   5.7559752e+00
  -7.4709505e-02  -2.3529683e-01   8.7118041e+00
  -2.8303185e-01  -1.2500689e+00   5.5151578e+00
  -7.1697174e-01  -2.3197320e-01   5.8094238e+00
  -7.6023508e-01  -1.6940986e+00   7.9043898e+00
  -1.4770193e+00  -1.5407273e-01   6.2008459e+00
  -1.4714973e+00  -1.5386537e+00   6.2053667e+00
  -2.1883207e-01  -7.6564747e-01   6.3479877e+00
  -1.9802427e+00  -1.4996634e+00   7.8753536e+00
  -1.9184546e+00  -1.4294689e+00   5.6020536e+00
  -7.5442235e-01  -1.2289120e+00   5.3773399e+00
  -1.5177320e+00  -4.6267361e-01   4.1396160e+00
  -1.9947821e+00  -1.9720081e+00   4.8389212e+00
  -1.8717350e+00  -1.3273264e+00   6.6208559e+00
  -1.9714321e+00  -1.2260566e+00   4.4572589e+00
  -1.4073478e+00  -1.2609436e+00   7.2268097e+00
  -9.2680494e-01  -1.1363087e+00   7.8351088e+00
  -5.3978224e-01  -1.3839309e+00   4.8251100e+00
  -1.9265064e+00  -3.2277671e-01   4.6104257e+00
  -8.5946615e-01  -4.7531454e-02   8.8528587e+00
  -1.3792318e+00  -9.2475268e-01   6.1694472e+00
  -4.1638616e-01  -2.9901403e-01   7.0719463e+00
  -2.1277841e-01  -1.9519066e+00   4.1713545e+00
  -3.0027527e-01  -1.7915983e-01   7.4771228e+00
  -1.3885144e-02  -9.6136606e-01   6.9583334e+00
  -1.4512503e+00  -1.2442661e+00   8.7830853e+00
  -8.1354763e-01  -1.0511885e+00   7.3007876e+00
  -1.9828161e+00  -1.6873261e+00   5.5479218e+00
  -1.5955689e+00  -5.1224253e-01   5.1107766e+00
  -1.4227552e+00  -1.7269396e+00   6.6606827e+00
  -4.0052876e-02  -1.5169168e+00   4.6995994e+00
  -5.8510124e-02  -1.5594014e+00   8.5827493e+00
  -2.6952562e-01  -2.9200697e-01   4.1464307e+00
  -1.6740137e+00  -8.4217131e-01   7.3840811e+00
  -1.7183113e-01  -3.1396594e-03   4.2923912e+00
  -1.7055755e+00  -6.4849288e-01   5.6803558e+00
  -8.9357687e-01  -8.0516501e-01   4.0295216e+00
  -3.1314963e-02  -7.9589223e-01   6.9854849e+00
  -1.4037433e+00  -9.6580446e-01   6.6435595e+00
  -4.5788687e-01  -4.0136471e-01   6.5514405e+00
  -1.8033499e+00  -7.7026080e-01   5.6010484e+00
  -1.5481768e-01  -4.7465653e-02   7.5337068e+00
  -1.9881546e+00  -1.3873750e+00   6.0374565e+00
  -1.7437643e+00  -1.9865232e+00   4.9453642e+00
  -1.4678738e+00  -7.4327667e-01   4.4392758e+00
  -3.6482667e-01  -8.7072358e-01   7.1529519e+00
  -3.2943491e-01  -1.5582108e+00   6.7637221e+00
  -1.5548777e+00  -1.0559102e+00   4.6932706e+00
  -6.8704001e-01  -6.1423159e-01   8.6437834e+00
  -3.2081084e-01  -4.1310256e-01   6.0646532e+00
  -1.6447787e-02  -9.8783485e-01   4.9798060e+00
  -6.6152138e-01  -1.1193391e+00   5.7264019e+00
  -1.8012028e+00  -1.0457886e+00   4.6365065e+00
  -1.9822103e+00  -1.2055555e+00   6.1936234e+00
  -5.8721769e-02  -2.4727252e-01   4.9319103e+00
  -2.2746282e-01  -4.7520798e-02   8.3056573e+00
  -5.3866381e-01  -3.9049968e-01   4.4490494e+00
  -5.1376620e-01  -1.6679136e+00   8.9860928e+00
  -4.4691598e-01  -1.9177181e-01   4.1337992e+00
  -2.9885445e-01  -1.5767788e+00   4.2155563e+00
  -5.2219116e-01  -6.3561018e-01   6.2819475e+00
  -2.9980104e-01  -1.0411997e+00   7.7876163e+00
  -7.6299396e-02  -8.8597633e-01   4.7901809e+00
  -4.1836795e-01  -8.5817581e-01   5.2152532e+00
  -1.7827607e+00  -9.2716620e-01   6.7300485e+00
  -1.6109453e+00  -1.8747408e+00   4.0508793e+00
  -1.6637656e+00  -5.6454025e-01   7.6659159e+00
  -1.1722647e+00  -6.3925137e-01   5.6373713e+00
  -4.1693451e-01  -4.1494335e-01   7.4606011e+00
  -4.2629794e-02  -2.2129892e-01   8.1042418e+00
  -2.4909433e-01  -1.6387491e+00   8.6678402e+00
  -7.9621431e-02  -3.0393264e-01   4.8800879e+00
  -1.7466491e+00  -1.7443933e+00   8.6993307e+00
  -4.1177516e-01  -1.1219370e+00   5.2041039e+00
  -4.5449662e-01  -1.8659950e+00   5.7336139e+00
  -1.3861224e+00  -1.7912720e+00   4.0752539e+00
  -1.3485555e+00  -1.3736073e+00   4.8183531e+00
  -1.5123378e+00  -8.3897897e-01   4.3117102e+00
  -1.4258676e+00  -1.7281386e+00   4.9254331e+00
  -1.8612312e+00  -1.5192441e+00   5.4185675e+00
  -1.3546597e+00  -5.8649892e-01   4.2900341e+00
  -2.2353586e-01  -2.3562564e-01   5.6335027e+00
  -1.8645459e+00  -2.3560930e-01   4.6489178e+00
  -5.1475126e-01  -1.7435762e+00   6.2172588e+00
  -1.0937376e+00  -1.5949335e+00   8.1412957e+00
  -8.1387030e-01  -7.5119937e-01   6.7484817e+00
  -1.3553014e+00  -3.2836621e-01   5.8452770e+00
  -1.6789415e+00  -1.0547685e+00   8.9716989e+00
  -1.9233908e+00  -5.9470491e-01   6.6732341e+00
  -1.2066864e+00  -1.9172794e+00   7.9613563e+00
  -4.5837961e-02  -1.7386642e+00   6.2849052e+00
  -3.3959926e-01  -1.7831480e+00   5.2984781e+00
  -1.5232746e+00  -1.4831235e+00   4.3898431e+00
  -1.5755021e+00  -9.7375404e-01   4.2706201e+00
  -1.5947772e+00  -1.2425964e-01   7.5532318e+00
  -1.2879103e+00  -1.0347771e+00   6.9736498e+00
  -1.0305376e+00  -1.3262211e+00   8.3056240e+00
  -6.9343599e-01  -6.9939322e-01   6.0008671e+00
  -1.1958186e+00  -1.8285487e+00   7.1958160e+00
  -9.9296551e-01  -3.2046420e-01   4.8591812e+00
  -1.1560471e+00  -1.3023459e+00   7.0692089e+00
  -1.4925515e+00  -1.1414361e+00   8.1340982e+00
  -4.4954287e-01  -7.2769812e-01   5.3088927e+00
  -8.1390407e-01  -2.8728783e-01   4.9620316e+00
  -3.9735721e-01  -5.0824860e-01   6.2162515e+00
  -4.7877039e-01  -1.7091502e+00   6.2014039e+00
  -1.5959528e+00  -9.2479433e-02   5.4620517e+00
  -8.2926561e-01  -6.0739246e-01   8.3798643e+00
  -1.6267234e+00  -1.1732784e+00   5.5137955e+00
  -1.7922952e+00  -1.6857633e+00   4.0724303e+00
  -1.2266395e+00  -1.8948429e+00   6.3438293e+00
  -4.5417062e-02  -1.6877030e+00   6.6503305e+00
  -1.2254412e-01  -1.3847435e+00   8.8089746e+00
  -1.2544464e+00  -7.0375588e-01   4.2509330e+00
  -6.4774101e-01  -1.0529318e+00   6.2543160e+00
  -1.2581960e+00  -7.0298076e-01   5.3198574e+00
  -1.6929851e+00  -1.7766190e+00   5.2936416e+00
  -2.4029032e-01  -8.6284353e-01   7.3938392e+00
  -1.0102685e+00  -8.3919121e-01   4.0966630e+00
  -6.1076132e-01  -1.4328170e+00   6.0576735e+00
  -8.9052799e-01  -2.6249256e-01   5.7514777e+00
  -6.4774757e-01  -7.8006532e-01   7.2405035e+00
  -1.7084644e+00  -1.4815255e+00   8.9078412e+00
  -6.2925641e-01  -1.0467756e+00   8.9228200e+00
  -1.1270709e+00  -1.6014308e+00   7.0975291e+00
  -7.4994862e-01  -8.7364334e-01   4.0339097e+00
  -1.0499544e+00  -4.4105774e-02   8.0303329e+00
  -1.6777308e+00  -1.8267676e+00   6.4557778e+00
  -2.1361424e-01  -5.2805737e-02   4.8294556e+00
  -4.4784772e-01  -8.4310055e-01   4.3654343e+00
  -1.2215680e+00  -3.3005908e-01   5.4646328e+00
  -7.7815119e-01  -1.3803382e+00   6.7775421e+00
  -2.5365321e-01  -7.8223531e-01   5.2325517e+00
  -1.1019018e+00  -9.1990132e-01   6.0922074e+00
  -5.4604224e-01  -2.6129651e-01   7.4379881e+00
  -8.4194480e-01  -6.4626672e-01   8.9822233e+00
  -3.4470063e-01  -1.2766199e+00   8.9781559e+00
  -1.3498564e-01  -1.6188765e+00   8.8391040e+00
  -2.3018992e-01  -1.2650189e+00   5.2461540e+00
  -1.2485355e+00  -1.9624586e+00   8.1915170e+00
  -7.4630526e-02  -1.2587810e-01   8.5427476e+00
  -1.6766160e+00  -3.5507120e-01   7.5631695e+00
  -1.1477892e+00  -1.3235057e+00   7.6287638e+00
  -9.7524314e-01  -1.3489335e+00   7.1288852e+00
  -9.9701008e-01  -9.4808758e-01   8.2196406e+00
  -4.1031669e-01  -1.5816855e+00   4.9692715e+00
  -9.6754698e-01  -5.6628945e-01   8.4377004e+00
  -1.0720952e+00  -1.3275789e+00   4.1336143e+00
  -3.2520502e-02  -1.3579103e-01   4.2085690e+00
  -2.5733582e-01  -1.4534679e+00   5.4986038e+00
  -3.8392696e-01  -1.8358702e+00   5.4691277e+00
  -1.6287658e+00  -1.4488332e+00   5.2098560e+00
  -6.2114203e-01  -4.6087928e-01   6.9743260e+00
  -1.4624508e+00  -1.9220328e+00   4.6255423e+00
  -1.1068959e+00  -2.0345004e-01   6.6726578e+00
  -1.5794358e+00  -7.4354933e-01   5.7438283e+00
  -4.0415092e-01  -8.6433018e-01   5.5695596e+00
  -5.5693748e-01  -9.6779501e-01   6.1629827e+00
  -4.0735049e-01  -5.7564248e-01   7.2328655e+00
  -1.8161822e+00  -3.0255531e-01   4.0450873e+00
  -1.9068191e+00  -1.9697443e+00   8.9448442e+00
  -1.5498807e-01  -1.5598198e+00   7.9063083e+00
  -1.8622575e-01  -8.1159020e-01   5.7920019e+00
  -7.0255845e-02  -2.7510073e-01   7.4941128e+00
  -9.9629269e-01  -1.7355239e+00   7.6357559e+00
  -4.3482719e-02  -9.8590888e-01   7.3911206e+00
  -3.7952280e-02  -3.7017863e-01   4.4196981e+00
  -4.8901081e-01  -9.1161855e-01   4.6265196e+00
  -3.3587277e-01  -2.4352718e-01   7.9218032e+00
  -1.1568318e+00  -9.3846293e-01   8.9659188e+00
  -7.5837532e-01  -6.2581758e-01   4.3811472e+00
  -1.9997043e+00  -1.3209349e+00   6.3164551e+00
  -7.7674614e-01  -4.2459464e-01   5.6844291e+00
  -1.4840278e+00  -1.6522546e+00   6.7447167e+00
  -1.0232195e+00  -2.4721891e-01   7.6754678e+00
  -6.5154047e-01  -2.1622408e-01   7.7882423e+00
  -4.8579705e-01  -3.0897645e-01   8.8634310e+00
  -1.1198792e+00  -5.4392297e-01   5.4862102e+00
  -5.7454162e-01  -1.7825157e+00   8.5703853e+00
  -7.5593370e-01  -1.2212277e+00   4.7552477e+00
  -8.4673667e-01  -1.3399926e+00   6.2793126e+00
  -1.0287307e+00  -1.9923118e+00   7.0767144e+00
  -9.3255083e-01  -1.7257816e+00   5.5680073e+00
  -1.3263772e+00  -9.4174929e-01   7.4194079e+00
  -2.0372547e-01  -1.3861089e+00   5.0561650e+00
  -7.3976552e-01  -1.8984537e+00   8.1012452e+00
  -2.6932520e-01  -1.6451735e+00   8.6754200e+00
  -3.9325774e-01  -6.6480982e-01   5.3379268e+00
  -9.9150575e-01  -1.0120263e+00   5.1978819e+00
  -3.3223780e-01  -7.1040039e-01   6.1701932e+00
  -6.9030515e-01  -1.6041249e+00   7.3558720e+00
  -1.8025652e+00  -1.1960165e+00   6.4956846e+00
  -8.9832273e-01  -3.2158431e-01   6.9849644e+00
  -1.6597538e+00  -1.2903329e+00   4.0669926e+00
  -1.7501276e+00  -1.2861632e+00   5.6913169e+00
  -1.3485283e+00  -9.5069579e-01   4.1943492e+00
  -7.7220262e-02  -8.8588459e-01   6.9524586e+00
  -1.2007734e+00  -5.3224377e-01   7.5978601e+00
  -1.4985407e+00  -2.8042306e-01   4.0817674e+00
  -1.4740248e+00  -1.7514540e+00   7.8877191e+00
  -3.1942336e-01  -1.0171176e+00   6.4006101e+00
  -1.5857494e+00  -1.4752065e+00   6.5752770e+00
  -7.2875663e-02  -2.1646639e-01   7.9908845e+00
  -6.6925198e-01  -9.6479339e-01   8.8685135e+00
  -1.2668027e+00  -1.0959912e+00   6.0597771e+00
  -2.5506331e-01  -1.6757258e+00   5.4197862e+00
  -6.9245664e-01  -1.5878403e+00   5.8520619e+00
  -4.9023384e-01  -7.2806717e-02   7.9780978e+00
  -4.2675424e-01  -3.1815051e-01   4.6856099e+00
  -8.3128849e-01  -1.9707071e+00   8.6635061e+00
  -7.4961449e-01  -9.0299790e-01   4.7476537e+00
  -1.7230361e+00  -2.1091317e-02   4.6107567e+00
  -3.8951494e-01  -1.6351432e+00   7.6027404e+00
  -6.7859075e-01  -5.4050696e-01   6.9617406e+00
  -6.6880261e-01  -1.6907088e+00   6.2915047e+00
  -1.8795057e+00  -2.3561333e-01   7.5035457e+00
  -1.1790437e+00  -1.6176566e+00   6.1637047e+00
  -8.8975623e-01  -1.5965672e+00   6.4946023e+00
  -1.0438637e+00  -6.0159468e-01   6.7913115e+00
  -4.7734488e-01  -8.7708655e-01   4.8995619e+00
  -1.4908639e+00  -1.9372391e+00   7.7654398e+00
  -9.2420448e-01  -1.2255121e+00   4.3207439e+00
  -1.5311783e+00  -4.8023512e-01   7.8241644e+00
  -6.3903096e-01  -5.7408892e-01   5.8651994e+00
  -6.2597202e-01  -5.8552130e-03   4.5901199e+00
  -5.6045111e-01  -2.9327488e-01   7.7907269e+00
  -1.8467212e+00  -1.6151763e+00   8.7405112e+00
  -2.9917754e-02  -1.8819353e+00   6.8632169e+00
  -1.8402340e+00  -1.5154728e-01   4.5868691e+00
  -1.3535201e+00  -3.2097664e-01   7.3305768e+00
  -1.9895952e+00  -1.1775451e+00   5.3018459e+00
  -6.2643745e-01  -1.4554476e+00   7.3294471e+00
  -5.0498053e-01  -1.4534786e+00   4.4134577e+00
  -7.9130494e-01  -8.2189837e-01   5.2990678e+00
  -1.5705327e+00  -1.7811097e-01   7.2729486e+00
  -1.7698675e+00  -1.9149485e+00   5.4490087e+00
  -4.6276664e-01  -7.1942835e-01   5.9667269e+00
  -1.2749951e+00  -1.1624931e+00   6.9686232e+00
  -1.7751329e+00  -1.1931034e+00   6.5412603e+00
  -3.1220774e-01  -1.7740051e+00   7.3710022e+00
  -7.5189130e-02  -8.5534769e-01   6.9757790e+00
  -1.2530475e+00  -5.9737306e-01   4.9485927e+00
  -1.4578383e+00  -9.0891355e-01   7.1782175e+00
  -1.4302337e+00  -1.0164991e+00   7.4594851e+00
  -1.7130126e+00  -5.3564995e-03   8.9299889e+00
  -5.6573750e-01  -6.6292179e-01   4.4159762e+00
  -4.3839253e-01  -1.0426242e+00   6.4313599e+00
  -9.5759603e-02  -4.5700906e-01   6.6702917e+00
  -2.9513830e-01  -1.6351328e+00   7.3374909e+00
  -1.6402727e+00  -1.1704989e-01   7.1768144e+00
  -6.0650977e-01  -1.1634661e+00   7.4018276e+00
  -5.7830483e-01  -2.4650741e-01   8.5438909e+00
  -8.3735986e-01  -8.3145342e-01   5.4839814e+00
  -1.0628886e+00  -1.0589439e-02   7.9529078e+00
  -4.7906953e-01  -1.1256663e+00   7.6133264e+00
  -1.2203711e+00  -1.3987140e+00   6.5270986e+00
  -1.9304523e+00  -1.1516819e-01   4.2303875e+00
  -2.3093901e-01  -1.3457632e+00   6.8604998e+00
  -1.0158159e+00  -5.9226315e-01   6.0454205e+00
  -1.5430275e+00  -3.7114091e-01   7.3796535e+00
  -4.0443521e-01  -1.0044652e+00   8.6766619e+00
  -1.5475345e+00  -1.5684308e+00   6.2286548e+00
  -1.7484950e+00  -7.7224435e-01   8.7488225e+00
  -1.9585425e+00  -1.3286892e+00   7.7763622e+00
  -1.2708091e+00  -1.0549031e+00   5.0270683e+00
  -1.1076642e+00  -1.4544196e+00   5.3008783e+00
  -1.8832553e+00  -1.8036441e-01   5.6624934e+00
  -1.6134935e+00  -7.7935343e-01   8.1194182e+00
  -1.8994923e+00  -1.9727029e+00   7.9304312e+00
  -2.1042858e-01  -8.4505020e-01   8.3159013e+00
  -9.4567529e-01  -1.3008853e+00   5.8430975e+00
  -1.4090581e+00  -1.9884490e+00   4.6350695e+00
  -5.5474639e-01  -1.1999804e-01   4.2938988e+00
  -6.7995320e-01  -9.4191809e-01   5.2295883e+00
  -1.5528451e+00  -3.2659748e-02   6.3077619e+00
  -1.3355324e+00  -5.0255945e-01   5.2970402e+00
  -9.6628622e-01  -3.3301536e-01   5.9102777e+00
  -1.6146635e+00  -1.4748631e+00   7.0494914e+00
  -7.7120767e-01  -1.3209443e+00   4.2438270e+00
  -1.0967315e+00  -5.3211566e-01   6.8392319e+00
  -5.3661681e-01  -8.5078774e-01   7.7071905e+00
  -1.0763607e+00  -1.9520465e+00   4.6623731e+00
  -1.1624538e+00  -1.1432691e+00   8.5289719e+00
  -8.8890999e-01  -1.6115920e+00   7.9141076e+00
  -5.7079718e-01  -1.1332083e+00   7.3864000e+00
