  -7.0252407e-02   1.8476706e-01  -1.2326347e+00
   2.3221314e-01  -1.1600194e+00   5.1174916e-01
  -1.0576755e+00   4.9514352e-02   7.2356829e-01
   3.8093710e-01   1.2800412e-01   2.0299282e+00
   8.8880309e-01   1.8076589e-01  -1.9230913e+00
   7.0950889e-01  -1.4836247e-03   1.2779640e+00
   1.2566771e+00   9.0466965e-02  -2.2814535e-02
  -5.6192050e-01  -1.0565004e+00   2.2370009e+00
  -8.9613793e-01  -2.4545188e-01   1.3139415e+00
   1.6593054e-01   8.9170058e-01   1.1817313e+00
  -4.2310899e-01   1.1079715e+00  -1.1095706e+00
   7.6055566e-01  -9.5475001e-02   1.1383036e+00
  -1.0830616e-02   5.6242326e-02   2.5186914e+00
   4.3123058e-02   6.1942206e-01   2.0213490e+00
  -4.7796511e-01  -8.9216660e-01  -2.8899720e-01
   1.1721169e+00  -6.8857364e-02   8.8133068e-01
  -3.1628435e-01   2.9138558e-01  -1.1577149e+00
   7.4330682e-02   7.1965015e-01   7.7592374e-01
  -2.7680110e-01  -5.4431437e-01   1.2378389e+00
   8.3040537e-01   1.3306426e-02   1.1230921e+00
   4.8325236e-01  -3.3133683e-01  -6.8668769e-01
  -1.1266679e+00   6.4543639e-01  -2.1408473e+00
   4.0774224e-01  -1.6168045e-01  -1.0061428e-01
   2.0706087e-01  -1.0062154e+00  -1.2050910e+00
   3.0776143e-01   3.7321797e-01   8.0977511e-01
   2.8039306e-02   3.0316795e-02  -8.9718620e-01
  -2.3368806e-01   6.7274184e-01   2.3201581e-01
   5.4155536e-01   3.9003592e-01   2.2386577e+00
  -3.6340675e-01   1.5223820e+00  -1.2309542e+00
  -5.3135649e-01  -9.9847276e-01   1.9342382e+00
   3.1910647e-01   5.9818391e-01  -2.2575918e+00
   4.2875977e-01  -1.7804523e-01  -2.0092204e+00
   6.1874175e-01   1.3959158e-01  -3.9104317e-01
  -5.4962248e-01   7.0718683e-01  -1.8363085e+00
   1.9192016e-01   7.5952095e-01   1.8116432e+00
  -9.7316428e-02  -3.4175970e-01  -1.9379130e+00
   1.3372661e+00  -4.6325988e-01   1.8084276e+00
  -8.3250596e-01   2.5463782e-01   5.4942358e-01
  -1.6743313e-01   1.0031520e+00  -2.1782302e+00
  -1.0183854e+00   1.9038732e-01  -2.2506829e+00
   4.7210252e-01  -8.1990871e-01   2.1454159e+00
   8.6303688e-01  -4.7825988e-01   2.0872441e+00
   7.9901824e-01  -1.0873289e+00   1.5979791e+00
   4.0753070e-01  -2.4109106e-01  -1.1926105e+00
   3.3271511e-01  -8.4731483e-01   4.6035734e-01
   1.9259097e-01  -8.4925811e-01  -1.0860136e+00
   3.7353016e-01   2.8968220e-01   1.3994707e+00
  -4.3426187e-01   1.4056210e-01   2.4304631e+00
  -8.8017751e-01   2.5315165e-01  -7.6161938e-01
   5.4447207e-02   3.2675669e-01   8.3039036e-02
   4.6040545e-02   4.0768707e-01  -5.7168272e-01
  -5.1249590e-01   5.8236813e-02   2.6752722e-01
  -4.7570809e-02   2.1774921e-01   2.3681651e-01
   6.9818413e-01   2.8832976e-01   2.3631645e+00
  -4.5754569e-01   6.4621109e-01   3.4481175e-01
   5.5888435e-01   7.3293813e-01  -2.3720413e+00
   9.8208444e-01  -1.9480843e-01  -2.7680252e-01
   3.7972268e-01  -8.0344108e-01   1.0733643e-01
  -7.8770995e-01   2.1868599e-01  -1.4071431e+00
   3.5233019e-02   9.7618539e-01  -5.0008535e-01
  -9.1791215e-01  -7.5244170e-01   2.2310149e+00
   5.0240059e-01   2.8020465e-01   1.6954367e+00
  -5.7257032e-01   8.6142485e-01  -9.6977645e-01
  -6.3788749e-01   1.1786253e-01   1.5966372e+00
   9.0346294e-01  -5.2496167e-01   1.8334255e+00
   1.1128414e+00   2.6480381e-01  -1.2412514e+00
  -5.4735446e-01  -1.6483297e-01   2.1348231e+00
   1.1791265e-01  -2.9124116e-01   2.2952715e+00
  -4.3310091e-01   1.3652984e-02   9.0636815e-01
  -3.6857743e-02  -5.0678098e-01   1.1168787e+00
  -4.3743536e-01  -4.3674036e-01   1.5603328e+00
  -8.0948096e-01  -3.6461366e-01  -2.3868093e+00
  -9.3975313e-01  -1.9072973e-01  -1.2826107e+00
  -1.2820723e+00   3.0745806e-01  -2.0100363e+00
  -1.2292167e-01  -3.0552707e-01   1.1475012e+00
  -3.7652560e-01   9.3918464e-02  -2.0355274e+00
   6.2693331e-01   6.5838069e-01  -1.3245988e+00
  -6.9330816e-01  -5.2618878e-01  -1.6960761e-01
  -2.3239941e-01  -1.1177664e+00   4.0901811e-01
  -8.5465742e-01  -6.2193512e-01   6.4195299e-01
   6.8548194e-01   7.5792991e-01  -2.0040001e+00
   3.6217330e-01  -2.7307947e-01   2.1678396e+00
   1.4876531e-01   2.7321534e-01   1.7616711e-01
   4.1434307e-01   5.4832925e-01   1.1627300e+00
   1.5411579e-01   2.9758108e-01  -1.2739978e-01
   3.2785174e-01  -1.3900906e+00   1.5758059e+00
   1.2349005e-01  -9.3328556e-01   1.4117605e+00
  -4.4045511e-01   2.7252547e-01   1.7266905e+00
   7.0509396e-01  -1.2178199e+00   1.9612785e+00
   8.4906772e-01  -1.9015111e-01   1.5485261e+00
  -5.4923714e-02   1.1962273e+00   6.7014283e-01
  -2.2235437e-02   8.8684960e-01  -1.0099601e+00
   7.4202046e-01   5.5318310e-01  -1.7789435e+00
  -3.5357100e-01  -2.5891178e-01  -6.2684180e-01
   6.5210300e-01  -1.1245240e+00   1.6410022e+00
  -5.1986075e-01   9.5791514e-01  -1.7718962e+00
   9.1504238e-02   6.0763507e-01   1.2778864e-01
  -1.9547377e-01  -7.2067219e-01  -2.2485914e+00
   2.2276066e-01   4.1402761e-01  -2.2258302e+00
  -6.8655825e-01   1.6183003e-01  -5.4754622e-01
  -5.1138216e-01   7.1412894e-01  -2.0912189e+00
   1.8246671e-01  -8.1988273e-01  -1.5524235e+00
  -2.2188013e-01  -5.6497421e-01  -1.7372434e+00
  -8.3005295e-01   2.5427645e-01  -1.7403517e+00
  -9.2046894e-01   2.0077572e-01  -1.9233512e+00
  -1.0307782e+00  -2.1443653e-01   1.0216743e+00
  -4.0597613e-01  -9.8843168e-01   2.3274880e+00
   5.5383393e-01  -1.7806586e-01  -8.0584049e-01
  -2.9170179e-01  -4.0640881e-01   2.1284362e+00
   3.4739916e-01   5.9597059e-01   1.8289974e+00
  -5.6140782e-01  -1.1763047e-01   6.3702032e-01
  -6.8951513e-01   6.4631166e-02   1.3348956e+00
   4.4277361e-01   4.8574983e-01   9.5907094e-01
   4.5944422e-01  -2.2514601e-02  -1.4596327e+00
  -6.2179717e-01  -6.3983842e-01  -9.2799966e-01
  -8.4997760e-01   8.0253019e-01  -1.4377071e+00
  -9.3834296e-01  -1.5040694e-01   6.4664543e-01
  -8.5856249e-01   1.2356141e-01   3.8231095e-01
  -9.2407903e-01   4.2844425e-01  -5.2601267e-01
   1.1058649e+00   4.6822358e-01  -1.7117793e+00
  -2.4941311e-02  -9.2897727e-01  -1.5751846e-01
   7.0599193e-01  -3.4715646e-01  -4.6761347e-01
  -2.2925652e-02  -5.4780427e-01   7.9277643e-01
  -3.1433329e-01  -9.6238606e-01   7.7255089e-01
   5.0003496e-01  -3.2604573e-01   1.7299319e+00
   2.1290649e-01   1.1042543e+00  -1.8462131e+00
  -7.9453610e-02  -2.7252505e-01   9.9934023e-01
  -9.1031487e-01   1.9149972e-01   8.3405619e-01
  -6.7936960e-01   7.0454553e-04  -1.0306934e+00
   1.5186761e-01  -2.9960253e-01  -2.9554109e-01
   1.7931929e-01  -4.4341364e-01   2.4107294e+00
   2.1705633e-01   3.4963910e-01   2.0952608e+00
   6.8528086e-01   5.7074302e-01  -7.4720944e-01
  -1.8601681e-01  -6.9583655e-01  -1.8377682e+00
  -8.0106847e-01   2.7662774e-01  -2.9602869e-01
   6.6374562e-02   1.1198184e+00  -3.3276416e-01
  -7.6371857e-01   2.8615010e-01  -1.1725486e+00
  -1.1692432e+00  -6.4365552e-02  -1.7981826e+00
  -9.4208241e-01  -6.4813969e-01   1.7706752e+00
   5.5533939e-02  -2.2534029e-01  -1.9206487e+00
  -4.4033797e-01   8.9581089e-01  -3.0557083e-01
  -2.1450733e-01  -9.7485255e-02  -2.4488356e+00
   4.0443501e-01  -6.2824577e-01   2.0284862e+00
  -5.3093489e-01  -5.6651973e-01   1.8071602e+00
  -2.4443811e-01  -3.0083652e-01  -6.5377586e-01
   3.7957058e-01   6.5865060e-01   1.3495614e+00
   1.9221701e-01   1.1830543e-01  -1.7105055e+00
  -7.9951303e-01   3.2389392e-01  -2.3410081e+00
   3.4077714e-01  -7.8887798e-01   2.3180202e+00
   4.1978999e-01  -9.5127945e-01   1.1043931e-01
   2.0937498e-01   7.9664762e-01   2.3059190e+00
  -3.7957623e-01   4.2676164e-03   4.0432122e-01
   6.2160939e-01   2.7588755e-01   8.2411452e-02
   5.4560341e-02  -1.5549480e-01   2.1526124e+00
   1.0921604e-01  -9.0842042e-01   2.0938258e+00
   7.0241753e-01  -6.0334910e-01   1.7847977e+00
  -9.1135483e-01   6.3970307e-01  -1.9517010e+00
   1.0294178e+00   1.7887759e-01  -1.1759014e-01
  -2.1192110e-01   1.1807487e+00   1.3853233e-01
  -3.2937754e-01  -6.6784200e-01  -6.9802508e-01
  -5.0797612e-01  -3.4322617e-01  -1.1387311e+00
  -8.5989722e-02   6.4220729e-02   1.0395317e+00
  -5.9467289e-01  -3.5917810e-02  -7.0090408e-01
   6.7808123e-01   3.5864908e-01   8.1968368e-01
   6.1966206e-01  -1.8948850e-01  -1.3993285e+00
  -6.6554030e-01   1.0349464e+00  -7.3709673e-01
   1.9141869e-01  -2.8392631e-01   1.4187186e+00
   7.9776841e-01   5.9102994e-01  -1.2372085e+00
   7.3234861e-01   2.9569921e-01   7.4016306e-01
   7.6605698e-02   8.6459583e-02  -2.2821451e+00
  -4.9541192e-01  -2.1731089e-01  -1.8454001e+00
   2.6311466e-02  -2.3629120e-01  -1.1830662e+00
   6.3349323e-01   2.9862296e-01   7.1717723e-01
   9.6963153e-01  -2.9829453e-02   2.0738179e+00
  -3.8169311e-02  -6.0090677e-01   1.3433052e+00
  -6.4715128e-02   1.2015005e+00  -2.0400523e+00
   1.1833868e-01   5.5283955e-02   1.3939294e+00
  -3.8621320e-01  -6.6392268e-01  -2.1461383e+00
  -3.6014748e-01  -4.6856658e-01   1.4884678e+00
   1.7636739e-01  -6.2000167e-01  -1.5590614e+00
  -9.2725318e-01   6.5373117e-01  -8.9204945e-01
   3.7089894e-01   3.5817781e-01   1.1601088e+00
  -2.4403276e-01   5.0697631e-01  -1.1999900e-01
  -1.4403566e+00  -1.2889226e-01  -3.2157898e-01
  -4.1827880e-01  -4.9863019e-01  -2.4674427e+00
   1.8028084e-01  -4.5076719e-01  -2.0273979e-01
   5.6845663e-01   5.4022585e-01  -1.1659437e+00
   1.3150975e-01   4.0710106e-01  -1.8913030e+00
  -8.4225655e-01   3.9622177e-01  -2.3315013e+00
  -8.6328770e-01  -8.1381044e-01   1.9073526e+00
   6.3250943e-01   3.0184147e-01   9.8968183e-01
  -4.4262714e-01   1.1182723e+00  -2.0429782e-01
  -1.3174566e-01  -5.5881143e-01  -9.7345408e-01
  -3.5300184e-01  -4.8596152e-02  -1.5439455e+00
   5.4856866e-01  -7.9709174e-02  -1.6611399e+00
  -5.3419527e-01  -5.8992909e-01   1.3529466e+00
   2.7738653e-01   7.8892205e-01  -1.6853079e+00
  -8.0948982e-02   2.1792911e-01  -3.6413528e-01
  -1.3203675e+00   1.5122143e-01  -2.1250825e+00
   5.7403485e-01   2.9649322e-03   5.2572418e-01
  -6.2293703e-01   4.7410846e-01   1.1771229e+00
  -8.1998216e-01  -2.1085268e-01  -1.3499447e+00
  -3.9148558e-01   1.8893106e-01   8.5655625e-02
  -1.2537950e-02  -8.8361666e-03  -2.3857277e+00
  -5.4295039e-01   9.4610528e-01  -8.3549816e-01
   5.3731864e-01  -2.8034109e-01   1.3902176e+00
  -3.6642025e-01  -1.8595972e-01  -2.4817526e+00
   9.5111667e-01  -7.4726045e-01   1.1047921e+00
  -5.0158779e-01   8.2616365e-01   1.8553018e-01
  -7.7967778e-02   4.3076072e-01   2.1311994e+00
  -1.3275216e-01  -3.1380361e-01  -3.2621708e-01
   4.9544471e-01   8.0323957e-01  -1.8554691e+00
  -8.5958012e-01   2.3523686e-01  -2.4182057e-01
  -5.3456187e-02   1.0094018e+00   1.7492135e+00
   5.8585456e-01   2.2920459e-01   1.3962856e+00
  -4.7231305e-01   1.6827030e-01  -7.0598211e-01
  -1.7653588e-01  -3.1740991e-02   2.2335583e+00
   5.4369546e-01   3.8815336e-01   1.2405660e+00
  -5.6509979e-01  -1.0411245e+00   1.6200797e+00
   2.1307977e-01  -8.7228566e-01   2.3158949e-02
  -8.8239193e-01  -3.8580400e-01  -1.4219230e+00
  -1.2364484e+00  -1.2822250e-02  -2.2094117e+00
   2.9022792e-01   2.2945843e-02  -1.3624412e-02
  -1.0816702e+00  -3.6020610e-01   4.5810325e-01
  -2.0155416e-02  -9.5509257e-01  -8.4708254e-01
   3.1403518e-01  -5.1589901e-01  -1.0166079e+00
   1.6397260e-01   6.0136391e-01  -2.4280544e+00
   1.1133864e+00  -2.9288849e-01   1.5617555e+00
  -6.4291392e-01  -3.4318121e-01   1.3927886e+00
  -3.1348632e-01  -8.8388657e-02  -1.4690573e+00
   1.1856848e+00  -2.9678909e-01   5.6729911e-01
   1.8879093e-01  -9.5253589e-01   2.3307038e+00
  -4.3098741e-01   1.2555124e+00  -1.8926171e+00
   3.4166852e-01  -2.4886977e-01  -2.1699284e+00
   3.3375171e-01  -4.9560399e-01   9.8447329e-01
  -1.4311178e-01  -1.2352208e+00   7.8182292e-01
   2.6373592e-01   7.4436298e-01  -1.8625073e+00
   3.5064186e-01   5.2385446e-01   7.8505516e-01
   2.3188642e-01  -1.2377471e+00   1.2852042e+00
  -1.2423732e-01  -7.7445005e-01   9.1148021e-01
  -3.5163847e-01   2.4835196e-01  -8.7051863e-01
   7.2909217e-01   2.3508550e-01  -5.8320737e-01
  -2.1744490e-01   7.3048524e-01   4.8283378e-01
   8.6936552e-01   2.1441011e-01   1.7148488e+00
   6.9831986e-01   2.5270980e-01  -1.5880129e+00
  -5.5105744e-01  -5.7519549e-01   5.8447574e-01
  -1.7438668e-01  -1.1507892e+00   9.6321054e-01
  -5.8366621e-01   4.4345970e-01  -1.6025209e+00
  -7.8142228e-01  -8.0824620e-01   2.1917575e+00
  -8.4717044e-01   2.5881707e-02  -1.7610477e+00
   6.3801615e-01   8.5316108e-01  -1.5360740e+00
  -1.4963910e-01   4.0510780e-01   1.6671406e+00
  -3.1635631e-01  -1.1392157e+00   1.8977522e+00
  -3.6352908e-01  -1.9338388e-01   6.8380812e-01
   8.7132203e-02  -1.6887756e-01   1.9646201e+00
  -4.5428924e-03   9.0264104e-01   6.3110441e-02
  -2.4718386e-01   6.4388891e-01  -7.1670170e-01
  -3.9266819e-01   5.7057895e-01  -1.5486833e+00
   2.5950944e-01  -4.5989236e-01   2.1008228e+00
   4.1145072e-02   2.9505618e-01   1.4432307e+00
   3.7031483e-01  -1.3224550e+00   2.0524600e+00
   8.4467169e-01  -2.9053993e-01  -5.6816320e-01
   6.8182260e-01  -1.2987454e-01  -1.0777116e-01
   1.8318076e-01   9.7794439e-02   1.0848424e+00
  -1.4914021e-02  -9.0889754e-01  -2.3138614e+00
  -3.3639544e-01   3.3612575e-02   6.4198583e-02
   1.8867194e-01  -1.6481297e+00   1.6198820e+00
   7.4899758e-01  -4.0407868e-02   1.1958101e+00
   3.4126260e-01   5.5249783e-01  -8.1880251e-01
  -3.1715823e-01   9.5419591e-01  -1.7322728e+00
  -9.3216549e-01   4.6448629e-01  -1.2763326e+00
   7.6717981e-01   2.5670186e-02  -1.8063261e+00
  -5.3509278e-01   6.8598037e-01  -7.8630486e-01
   6.7878579e-02   1.1607306e+00  -1.6005688e+00
  -1.0649029e+00  -1.4522544e-01  -1.0026184e+00
  -8.6979109e-01  -5.6803612e-01   1.2148324e+00
   1.9838246e-01   4.4874045e-01   2.2181522e+00
   4.6747638e-01  -1.7276316e-01  -7.0788336e-01
  -1.4512056e-01  -3.0015546e-01  -2.4304903e+00
   4.8796996e-01  -2.7610912e-01  -2.1023399e+00
   7.6665354e-01   6.3940465e-01  -8.4988600e-01
  -6.6479097e-01  -1.0020287e-01  -5.1805610e-01
   6.3637088e-01  -3.7093187e-01  -7.3616648e-01
   1.2176809e-01  -9.9632974e-01   1.6760528e+00
   6.1086608e-01   8.3032118e-01  -1.1568013e+00
  -7.8706050e-01  -2.2526957e-01  -1.7067889e+00
   7.0859852e-01   4.0197454e-01  -1.1486097e+00
   2.5760522e-01  -1.2813415e+00   2.8860240e-01
  -1.4960692e-01   1.3242256e+00  -5.4276251e-01
  -4.5454713e-02   6.7154044e-01   6.1186292e-01
  -6.6193346e-01  -5.4984845e-01   1.9841329e+00
  -4.2834827e-01  -1.1501870e+00   2.3336863e+00
  -6.5141110e-01  -3.9727570e-01  -1.0197111e+00
  -9.3316389e-01  -5.4513001e-02   1.0284585e+00
  -4.8495444e-02   1.0269971e+00  -1.3040683e+00
  -2.0155487e-01   7.2032777e-02  -1.9148514e+00
   6.6682560e-01  -1.2041498e+00   1.4264338e+00
   6.3080195e-01  -8.8097933e-02   2.2730599e-01
  -4.6925427e-01   3.5758846e-01  -1.5982386e+00
  -2.8663986e-01   3.7237536e-01   1.6221500e+00
   6.7912351e-01  -8.2850003e-01   1.3067529e+00
   1.2723773e+00  -3.0586216e-01   2.2524335e+00
   3.0535120e-01  -6.4054528e-02   5.5265618e-01
   1.9086446e-01  -1.0717457e+00   8.0815999e-01
  -6.2490815e-01   4.7525908e-01  -1.2950398e+00
  -1.7029359e-01   9.0486911e-01   1.5475803e+00
  -1.1518177e+00  -2.9267058e-01   1.3629053e+00
  -4.9571089e-01  -7.5093165e-01  -7.4064407e-01
   8.9922047e-01  -2.5517033e-01   1.7647861e+00
   4.3277056e-01  -5.3549749e-01  -1.3417561e+00
   9.0008144e-01   2.9025168e-01   7.4496092e-01
   6.3026368e-01   7.1395960e-02  -7.8098380e-01
  -5.0714000e-02   1.1999348e+00   6.0992394e-01
   5.0291622e-01  -1.5828314e-01  -7.8516758e-02
  -4.9043248e-01  -2.3331532e-01   2.3322786e+00
  -4.1252041e-01  -9.9627410e-01   1.1217961e+00
   6.2595283e-01   5.7421152e-01   1.0218452e+00
   9.3503501e-01  -1.1366559e-01   3.4383113e-01
   3.7923132e-01  -6.9581379e-02   2.2689543e+00
  -9.2054698e-02   6.3315806e-01  -2.1765144e+00
   6.3567277e-01  -4.4628294e-01   1.1077115e+00
   3.8903769e-01   4.4333525e-01  -1.5885957e+00
   1.0507871e-01   9.4207392e-01  -7.2234516e-01
  -1.0112718e+00  -4.4935932e-01   1.5083905e+00
   2.8311281e-02   4.0921303e-01  -6.3933326e-01
   7.8413064e-02   1.1385000e+00  -4.2173434e-01
  -1.3819535e+00   1.3975879e-01  -2.1257422e+00
  -1.4039489e+00  -8.2143206e-02  -3.6257855e-01
   6.1072826e-01   8.7675620e-02  -2.3617293e+00
   1.3844344e+00  -8.1411422e-02   1.7402508e+00
  -5.7968631e-01   1.1322262e+00  -2.2624463e+00
  -3.7292959e-01   7.6751624e-01  -1.1597676e+00
   1.7284697e-01  -9.3857379e-01   1.6558883e+00
  -1.0463796e+00  -2.4883030e-01  -1.4074452e+00
  -1.7005682e-01   1.6024107e-01  -2.4532688e+00
   4.0307699e-01  -1.1374113e+00   1.8761234e+00
   5.6117151e-01   1.9024065e-01  -2.1227818e+00
  -6.9757427e-01   1.9140077e-01  -3.9110299e-01
   4.3545802e-01   8.8093215e-01  -1.8779939e+00
   1.5778666e-02  -1.2757713e+00  -1.4768932e-01
   1.2813517e+00   1.6741498e-01  -2.9106529e-01
   5.5867203e-01   2.2522337e-01  -1.2065950e+00
  -5.2969770e-01   9.5786421e-01  -4.5036135e-01
   4.0622484e-01   3.8464421e-01  -1.7320243e+00
  -4.9840319e-01   9.1125934e-01   2.0680469e-01
   1.0630099e+00  -1.1701664e-01   1.2445529e+00
  -6.8340566e-01   5.0218773e-01  -9.6516129e-01
  -2.5713105e-03  -5.3441730e-01  -1.6946557e+00
  -1.0762344e+00   3.0685526e-01  -1.2676504e+00
   2.2657084e-01  -8.6463912e-01  -1.9597188e-01
   7.1238711e-01  -1.1433150e-01   1.4585749e+00
   2.3503902e-01   7.2752236e-01  -2.2411202e+00
   2.1715793e-01  -1.4208556e+00   2.0480345e+00
  -6.5318585e-01  -4.1326463e-01  -1.8758837e+00
  -1.8750898e-01  -1.0496505e+00   1.5745019e+00
   1.2402846e+00   2.0885641e-02   1.2435267e+00
   7.1954023e-01   7.0372071e-01  -9.8385998e-01
   1.2322247e-01  -2.7109975e-01   2.1963906e+00
  -1.5676644e-01   9.0351088e-01   2.1600622e-02
   2.3463649e-01  -3.2200297e-01   1.6902806e+00
  -3.3744741e-01   9.9520201e-01   5.7422946e-01
   1.0208871e+00   6.5338365e-01  -2.3688549e+00
  -1.8923424e-01  -8.3818643e-01   1.5809639e+00
   4.6256430e-01   2.6177935e-01  -6.7674578e-01
  -1.3894662e+00  -6.2794141e-02  -4.7879442e-01
   2.2544171e-01  -1.5627193e-02   2.0019034e+00
   4.2791560e-01  -4.8154112e-01   2.9482551e-02
   4.4709453e-01  -9.8342942e-01   7.5040619e-01
   5.1230301e-01  -1.1877051e+00   1.6518754e+00
   5.9653978e-01   5.2140784e-01  -1.3569517e+00
  -8.5561369e-01   1.0123033e+00  -1.9318399e+00
   9.2957331e-01   3.6058866e-01  -1.4450346e+00
  -3.6333539e-02  -1.1506231e+00   2.1620491e+00
   1.7819672e-01  -1.1245332e-01   1.9408969e+00
   5.6157117e-01  -9.2269020e-02   7.3871412e-02
   1.3190666e+00  -1.3921238e-01   2.2166919e+00
   5.8995739e-01   9.2508020e-01  -2.1294314e+00
   5.3463853e-01   2.3226219e-01  -1.2471526e+00
  -5.6539506e-01   4.9279625e-01   1.0019149e+00
   9.3643337e-01   1.9935667e-01   2.3709594e+00
  -5.5087420e-02   6.5773838e-01   4.2109692e-01
   3.3889543e-01  -1.1616982e-01   1.8181557e+00
  -8.7759416e-01  -4.8459783e-01   3.6440530e-01
   2.2383109e-01   1.8533126e-01   3.4530948e-01
  -1.5512994e-01  -1.5178143e-01   1.8545534e+00
   1.0393515e+00   1.8335807e-01   3.7149704e-01
  -9.3235164e-01  -3.8374569e-01  -1.0531839e+00
  -6.1414049e-01  -1.7263051e-01   2.6730146e-01
   3.2745080e-01   8.6815973e-01  -9.1617232e-01
   3.9840294e-01  -5.0334794e-01   1.7481106e+00
   4.2840701e-01  -5.1129558e-01   9.7465737e-01
  -3.3918237e-01   2.4047012e-02  -1.8854903e+00
   6.2730352e-01  -1.0071277e+00   1.7442813e+00
   6.6110563e-01  -5.4604904e-01   1.3502932e+00
   1.6550187e-01   8.0186696e-01  -1.1957940e+00
  -1.1949602e+00  -3.2354813e-01   7.2125704e-01
   3.8681382e-01  -1.6257497e-01  -2.0630360e+00
   5.9647915e-01  -9.7433959e-02  -4.2723775e-01
  -2.4819210e-01   1.1179690e+00  -1.4793340e+00
  -8.3910887e-01   7.3292869e-01  -6.8323402e-01
  -2.7833945e-01   8.7106787e-01   4.6725815e-01
  -1.4045945e-02  -1.1350439e+00  -9.7266358e-01
   6.8318998e-01  -4.5469514e-01   1.5861696e+00
   1.1527008e+00  -2.0294908e-01   2.1156300e+00
   5.8243267e-01  -1.8088985e-02   7.1198565e-01
   7.7243415e-01   1.3059661e-01  -1.7128966e+00
   2.1820365e-01   7.8498791e-01  -1.7760078e+00
   7.6835253e-01  -3.0288234e-01  -2.5698886e-01
   9.9660358e-01  -1.6754509e-01   2.8900955e-01
  -1.1731107e-01   1.8743286e-01   1.2606971e-01
  -4.5495203e-01   5.0255650e-01  -1.0266380e+00
   1.4453298e-01   8.1619003e-01   2.2751966e+00
   1.9875329e-01  -2.2497503e-01  -6.3432177e-01
  -2.7612975e-02   3.8901928e-01  -5.4233086e-01
  -4.2098013e-01   4.5112079e-02  -1.3834370e+00
   2.6722658e-01   6.1269100e-01  -1.4969342e-01
  -2.8781412e-01  -9.0670088e-01   1.4438839e+00
  -1.6382195e-01  -5.2281343e-01   2.1510890e+00
   7.1207743e-01   3.6241270e-01   2.5553259e+00
  -1.2525709e+00   4.3814285e-01  -1.7904540e+00
  -7.7376443e-01   2.1907844e-01  -1.9732705e+00
   3.6512047e-01  -1.7628082e-01   5.2692305e-02
   3.2175634e-01   3.3667121e-02  -2.3478068e+00
  -1.1491590e+00  -5.5237879e-02   3.0161615e-01
  -6.6389619e-01   6.7612121e-01  -2.2977458e+00
  -9.5677304e-01  -3.7653972e-01  -3.2129733e-01
   4.5934551e-01   8.3867480e-01  -9.7838739e-03
   7.4067471e-01   5.1788694e-01   7.8696958e-01
  -1.9043425e-01   7.0675933e-01  -1.9167244e+00
   5.1178273e-01   3.0022499e-01   6.2442320e-01
   5.2239376e-01   3.8414173e-01   8.5010619e-01
   7.2573230e-01   2.5585148e-01  -1.9647820e-02
   2.9167958e-01   2.5537314e-01   1.4461408e+00
   1.8705075e-01   1.4845572e-01   2.3955105e+00
   4.2396611e-01  -3.2088023e-01   2.1459739e+00
   5.4423954e-01   4.7379457e-01   2.4012522e+00
  -1.2901462e-01  -8.5795561e-01  -3.0241455e-02
  -4.0981755e-01   2.8586482e-01   1.5970699e+00
   1.0913791e+00  -5.6016825e-01   1.6129720e+00
  -1.1652354e-01   3.4232755e-01   1.4728758e+00
  -8.0069987e-01  -5.5613404e-01   2.2355396e+00
  -6.7888945e-01   1.9607286e-01   1.0623393e+00
   5.5316046e-01   3.7551181e-01   1.5028651e+00
   9.4494366e-03   2.6957542e-01  -1.1416104e+00
  -7.5663663e-02  -1.2290951e+00   5.0734489e-01
  -7.1822509e-01  -1.0669737e-01   5.7155925e-01
   1.9312453e-01  -1.2204971e+00   1.2589201e+00
   1.8315128e-01  -5.6249879e-01  -2.5983677e+00
   3.7620162e-01  -5.9085527e-01   1.9035938e+00
  -3.4704032e-01   1.3418858e+00  -1.2920902e+00
   8.1169556e-01  -4.6927156e-01   1.0635878e+00
  -1.7833328e-01  -2.1709269e-01  -9.7955689e-01
  -5.8162955e-01   1.1722784e-01   3.9325073e-01
  -3.5396118e-02   6.5045620e-01   2.2802873e+00
   4.9694203e-01   7.7354364e-01  -1.0681765e+00
  -1.9453294e-01  -4.3641797e-01   2.1203913e-01
  -9.2121099e-01   6.0937415e-02  -1.7736343e+00
   1.0999067e+00   6.2487479e-02   1.0055327e+00
  -1.7110280e-01  -5.3727539e-01   1.4183182e+00
   7.0140761e-01   4.9419901e-01  -1.1304317e+00
   1.1086151e+00   2.8626016e-01  -1.3299586e+00
  -9.1576143e-02   6.8012633e-01  -1.2620151e+00
   2.9892928e-01  -4.1886182e-01  -2.0111336e+00
  -2.0723963e-01   1.6285400e+00  -2.1847505e+00
   1.3448327e-01  -2.1182596e-01   1.3551576e+00
  -8.1824173e-01   8.6926601e-01  -1.3456136e+00
  -1.0267416e+00   7.7756529e-02   3.7924784e-01
  -2.0922126e-01   9.1275699e-01  -8.5627869e-01
  -7.0924311e-01  -5.1542777e-01  -1.6439467e+00
   3.5871661e-01   4.1145922e-01  -1.7971772e-01
  -5.2793299e-01   3.8999857e-01   1.4014907e+00
   1.9796957e-01  -1.1776699e-02   1.7826671e+00
   8.6995195e-01  -7.4404219e-01   1.6304532e+00
  -1.1608770e+00  -1.7145369e-01   7.6763941e-01
  -1.8313795e-02   5.7335810e-02   1.7466374e-01
   8.9850629e-01  -2.0371327e-01   1.1217959e+00
  -5.7639825e-01  -5.4613841e-01   1.3151019e+00
  -9.4533216e-01   6.1395948e-02  -2.3166076e+00
   3.2383282e-01  -2.9389534e-01   1.3014866e+00
  -4.9377843e-01  -1.9570692e-01  -2.0991108e+00
   6.5567804e-01  -1.7387389e-02   1.5721070e+00
  -1.2497022e+00   1.0704696e-01  -1.1467336e+00
   6.1486926e-01   4.7739325e-02   4.0797628e-01
  -3.2342382e-03  -4.5117977e-01  -2.6039838e-01
   2.6182713e-01   6.2730791e-01  -1.7547827e+00
   3.2130354e-01   7.1441880e-01  -1.3524081e+00
   1.1902984e+00   2.1943844e-02  -3.5927250e-01
  -1.0124524e+00   2.5345163e-01  -3.2439574e-01
   3.4929877e-01  -4.2227891e-01   1.4729502e-01
  -4.9822314e-01   5.1439006e-01  -1.5759790e+00
   4.7223567e-01  -1.4199369e+00   1.7333069e+00
   5.8612128e-01  -8.7815868e-01   2.1970011e+00
   1.4702388e-01  -3.6882792e-01   1.0245678e+00
  -3.8207893e-01  -5.5619871e-01  -1.2205739e+00
   7.8764406e-01   1.8900799e-01   7.8982248e-03
   5.0877249e-01  -5.4816379e-02  -1.8476014e+00
  -2.5820749e-01  -2.4809154e-01  -1.5184789e-01
   1.2161140e+00  -6.0544707e-01   2.2993754e+00
   2.4204261e-01  -4.6548378e-01  -2.2510248e+00
   1.1518064e+00   5.9426090e-01  -2.3308517e+00
   3.2139186e-01  -5.1828013e-01  -3.8455706e-01
  -3.9101554e-01   7.8658655e-01  -2.3633753e+00
  -2.4200103e-01  -4.5921761e-01   7.0264217e-01
   6.6030687e-01   1.7916599e-01   8.3884411e-01
   8.7419626e-01   9.1031567e-02   7.1956072e-01
   1.3143639e-01  -6.3746576e-01   4.0575771e-01
   1.7014079e-01  -1.6368619e-01   3.8219138e-01
  -6.7867034e-01   1.6766839e-01   1.7685181e+00
   1.3494013e-01   3.0147602e-01   2.5457889e+00
  -1.0316898e-01   1.3535995e-01   2.0888953e+00
   2.1600184e-01   5.0934729e-01  -1.3149495e+00
   4.1025691e-01   6.5857318e-01   1.3452503e+00
  -7.9339107e-01   1.8067617e-01  -3.3946984e-01
  -3.9302678e-01  -4.2976387e-01   8.5129869e-01
  -3.3486147e-02  -2.7344011e-01  -1.1877063e+00
   4.7655175e-01  -8.1466380e-01   9.6188792e-01
  -3.7178677e-01   1.4809542e+00  -9.6026275e-01
   2.2684156e-04  -4.8814946e-01   1.2922621e+00
   1.3605850e-01  -1.5822910e+00   1.2956033e+00
  -6.5877677e-01   7.0966379e-02  -1.4292837e+00
   2.2858774e-01  -8.4980723e-01   2.1564601e+00
   1.1694320e+00   3.1123872e-01  -9.4570056e-01
  -5.0325092e-01  -3.1883952e-01  -5.8139559e-01
  -2.2319832e-01   6.9391967e-01  -1.3417954e+00
  -5.3949684e-01  -7.1865532e-01   2.0883819e+00
   2.7987392e-01  -6.0523992e-01   1.0300289e+00
  -4.0007619e-02   6.5067183e-01  -2.0457820e+00
  -5.2243865e-02  -1.4802341e+00   1.8583644e+00
  -7.6005161e-01   4.7786805e-01   4.4392695e-01
   1.3862745e-01   4.9101785e-01   4.8428714e-01
   1.0427111e-01   5.8137409e-01  -5.3464593e-01
  -1.2578728e+00   2.8670003e-01  -2.2759790e+00
  -1.6924714e-01   7.2010351e-01   4.6758130e-01
  -9.0660414e-01   2.9010890e-01  -1.7176667e+00
  -7.6925513e-01   4.6262225e-04  -2.0764386e+00
   3.4832271e-01  -9.5010923e-01   3.6227675e-01
  -1.1518301e-01   1.2177467e+00   6.7297526e-01
   2.3429996e-01  -4.5855863e-01  -1.2911606e+00
  -2.7679769e-01  -1.0630608e-01   8.3219585e-01
   8.3365394e-01   2.8043877e-01   1.6725736e+00
  -1.0808553e-01  -8.4648575e-01  -1.7480298e+00
  -1.0573064e+00  -1.8630835e-01  -9.2048707e-01
   4.0137698e-01  -2.2574059e-01   1.8959984e+00
   1.3248321e+00   8.4867128e-03   9.6111548e-01
  -3.0993663e-01   5.7938063e-01  -1.3703586e+00
   1.4359811e-01  -1.3382660e+00  -3.4090963e-01
   4.6594935e-01   7.2890552e-01   1.0978908e+00
  -5.2423313e-01   3.8917455e-01   1.1061193e+00
  -1.1741312e-01   3.9328517e-01   7.2498390e-02
   5.8257475e-01   5.9349044e-01  -1.3692499e+00
  -1.1537116e+00  -2.2276967e-01  -1.3428978e+00
   9.9165560e-02  -5.6787372e-01  -2.5387408e+00
  -4.2878247e-01   9.0910800e-01  -3.6498211e-01
   6.9497824e-01   1.0227721e-01  -1.0869977e+00
  -7.3379794e-01  -4.7842304e-01   2.1015501e+00
   7.1207840e-01   4.2220454e-01  -1.1431270e+00
  -2.7508836e-01   3.2348568e-01   1.2825476e+00
  -1.0791109e-01   8.9547944e-01  -1.5257097e+00
   2.0736380e-01  -2.9578578e-01   1.7506423e+00
  -1.1362575e+00  -2.3021268e-01  -7.3601224e-01
  -5.3178247e-01  -1.6841011e-01  -4.0834392e-01
   2.0603973e-01  -1.1318204e+00   4.2482766e-01
  -2.2311372e-01   1.2895328e+00  -5.6909539e-01
  -8.5587336e-01  -6.0460887e-01   2.1793759e+00
   4.2350293e-01  -1.1917934e+00   6.5680260e-01
   5.1939989e-02  -5.8999974e-01  -9.8004191e-01
  -8.7171980e-01  -1.2527400e-01  -2.0742563e-01
   2.5615604e-01  -2.0623090e-01   2.3960600e+00
  -1.2447759e+00   3.3883774e-01  -1.5089587e+00
  -7.2997634e-02   1.5996063e-01  -1.1381916e+00
   5.5628568e-01  -2.8753786e-01   2.3708236e+00
   3.1207201e-01  -1.3476114e-01  -1.5204740e+00
   6.3381080e-01   2.1753053e-01   1.2769657e+00
  -6.5947580e-01   5.0814266e-02  -1.7858203e+00
  -8.1138120e-01  -5.4665229e-01   1.2005186e+00
   1.8781757e-01  -4.6056112e-01  -6.0584273e-01
  -5.7362190e-01  -2.8338295e-01  -1.1998927e+00
   7.0372902e-01  -4.5570700e-01   7.1335554e-02
  -3.0663957e-01  -4.1588649e-01  -1.3944703e-01
  -1.1002697e+00   2.5002211e-01  -7.2500644e-01
  -1.1608329e+00  -5.5710477e-02  -1.6238570e+00
  -7.7124274e-02  -9.1645288e-01   1.1108702e-01
   5.4710695e-01   5.5586502e-02  -1.9639290e+00
  -8.4749558e-02   3.4587045e-01   4.3563909e-01
  -7.0715170e-01   3.6731665e-01   7.7107238e-02
  -1.8845625e-01  -5.4551912e-01   1.1413492e-01
  -9.8739137e-01  -2.2498422e-01   5.3441271e-01
  -5.8770211e-01   9.5099458e-01  -2.1102930e-01
  -5.2718691e-01   4.9081398e-01  -1.4651307e+00
  -7.8455412e-01  -6.4198754e-01   1.9551478e+00
  -9.2272031e-01  -3.4035360e-01  -1.0025440e+00
   1.0298530e-01   3.3117336e-02   2.1361952e+00
  -6.8973529e-01  -5.2357862e-01  -8.0179930e-01
  -8.7355669e-01  -4.8970713e-01  -8.7583784e-02
   2.2658958e-01   5.1105491e-01   5.3722705e-01
   2.0984037e-02   1.6530237e-01  -2.3303228e+00
  -1.5309084e-01  -6.2317646e-01  -6.5464352e-02
  -1.5208833e-01   6.2060289e-01   5.1080917e-01
  -6.7292213e-02  -3.7477498e-01   1.7866368e+00
   3.4623998e-01   4.2584052e-01  -5.8923564e-01
  -6.8501850e-04   5.7027982e-01  -8.6659416e-01
   1.8334745e-01   3.8983611e-01   6.2081744e-02
   6.0524475e-01   3.3468045e-01  -2.3213483e-01
  -3.2748394e-01  -9.6552154e-01   5.4568177e-01
   1.0409159e-01  -9.2858952e-02   2.2495843e+00
  -7.4779460e-01   5.4397001e-01  -9.4062813e-01
  -3.0951137e-03  -1.0889680e+00  -7.5243832e-01
  -3.1831351e-01  -5.1810412e-01   5.3584936e-01
   1.4055821e-02   1.2170490e+00  -2.1323978e+00
   4.8954213e-02   9.0105809e-01   1.9384463e+00
   4.8451398e-02  -8.1947020e-01   6.7927938e-01
   5.7687216e-01   6.1259826e-01  -2.3588760e+00
   4.9198210e-01   3.9608391e-02   9.0440767e-01
  -1.0289930e+00   1.8903697e-02   8.9429701e-01
  -6.9635467e-01   4.0310499e-01  -1.3880229e+00
   3.2213805e-01   4.9917806e-02  -2.4191134e+00
   6.4007323e-02   1.1098593e+00   5.5170593e-02
  -2.0127387e-02  -8.2367866e-03   1.7168779e+00
  -1.5831535e-01   5.8968165e-01   1.8849961e+00
  -1.3516329e+00   9.5675929e-03  -1.8384262e+00
   9.0620372e-01   2.0559270e-01   1.1201372e-01
  -8.4108766e-01  -1.0437402e-01   1.7526277e+00
  -4.4013608e-01  -3.6000645e-01  -2.2399391e+00
  -8.7111993e-01   1.8410793e-01  -1.3749251e+00
   3.0438372e-01  -7.0469393e-01  -2.7923393e-01
   3.6871363e-01   9.8954765e-01  -1.4992477e+00
   1.4996537e-01   2.0876909e-02  -1.2725892e+00
   5.4936894e-02   8.3786382e-01  -6.1882821e-01
  -5.9368593e-01  -4.1582677e-01  -1.4984633e+00
   1.7607659e-01   2.1316095e-01   1.2414478e-01
  -1.2007975e+00   2.3979211e-02  -9.0749978e-01
  -4.7503118e-01  -9.2844687e-02  -1.1530090e+00
  -7.5760060e-01  -1.3236238e-01   6.2115226e-01
  -2.4726149e-01  -6.9818261e-01   6.5640877e-01
  -6.1131814e-01   2.8837296e-01  -7.3785824e-01
  -2.0138521e-01   2.6281961e-01   1.5538474e+00
  -2.8104500e-01  -8.4314144e-01  -1.2194831e+00
   1.4054063e-01   1.2455834e+00  -1.9844742e+00
   7.1839038e-01   6.0368998e-01  -2.2031072e+00
   4.3738779e-01  -1.1932154e+00   1.2116341e+00
  -9.3373574e-01  -3.9084062e-01   1.8252775e+00
  -5.3189836e-01  -6.0124210e-01   1.8002958e+00
  -5.9596493e-01   1.8845142e-01  -4.8242934e-01
  -5.5673630e-04   1.0904103e+00  -1.5773317e+00
   6.8728000e-01  -7.0644512e-01   2.5399218e-01
   1.6067720e-01  -6.9848534e-01   3.7301593e-01
   1.0329260e+00   2.9789569e-01   3.0167809e-01
  -3.1647818e-01  -7.1927091e-01  -5.7289104e-01
  -1.8093590e-01  -8.5424810e-01   1.8325802e+00
  -2.5828770e-01  -5.5581140e-01   1.0064754e-01
   1.0836643e-01   5.5299381e-01   2.1884234e+00
  -1.4474846e-01   6.6458928e-01   2.3062078e+00
  -2.4092514e-01  -8.6849027e-01   2.1456857e+00
   2.3972969e-01   1.0806967e-01  -4.0690604e-01
  -8.1464778e-01  -1.6932982e-01  -2.0521343e+00
  -5.5585588e-01  -8.5345888e-01   1.5803699e+00
  -1.1125097e-01   5.0030564e-01   9.8517229e-01
  -8.2056822e-01   1.4511829e-01  -8.2124345e-01
   5.5713308e-01  -1.0172848e+00   1.8471816e+00
   5.5463001e-01  -1.0974252e-01   1.9045523e+00
   8.3717908e-01  -1.2739180e-01   1.5141222e+00
   5.7369195e-01   4.5229322e-01   1.0788873e+00
   1.0685026e+00   1.9951408e-01  -9.7413194e-01
   1.9964188e-01   9.1344137e-01  -1.5762093e+00
  -7.0132320e-01  -4.0248627e-02   1.6038240e+00
   1.0036830e+00   7.3144423e-02   3.3870872e-01
   4.0299262e-01  -3.6297321e-02   7.9501227e-01
  -6.6357026e-01   4.8579821e-01   5.1177686e-01
  -1.1185869e-01  -1.0509863e+00   1.8005815e+00
   6.6043724e-01  -1.0506978e+00   1.2401234e+00
  -6.2565432e-01   7.0905278e-01   1.6832976e-01
  -4.5886502e-01   1.2023901e+00  -1.2562825e+00
  -6.1187949e-01  -3.6203225e-01  -2.2466314e-01
   7.1543761e-01  -5.6663852e-03  -4.7502570e-01
   6.8319079e-01  -7.3682948e-01   2.0975776e+00
  -1.2458014e+00  -1.4227711e-01  -2.8830756e-01
   1.6103471e-01   5.4538222e-01  -1.5892313e+00
  -1.3790039e+00  -1.9775709e-01  -1.3624404e-03
  -6.6528380e-01   7.8761136e-01  -2.9310103e-01
   8.9260743e-01  -3.7486817e-02   1.0250346e+00
   2.1435087e-01   3.3404509e-01  -6.3877202e-01
  -5.0756996e-01  -4.8786720e-01  -1.9976591e+00
   6.8074322e-03  -1.1295043e+00  -6.1649674e-01
  -6.4040798e-01   5.8979062e-02  -1.0603914e+00
   4.9709551e-01  -9.3493783e-01   7.8600000e-02
   7.1029441e-01  -6.4943832e-03   1.3927820e+00
   1.0681580e+00  -3.4994134e-01   1.3127760e+00
  -6.6328212e-01   4.0282600e-01  -2.0016845e+00
   1.1498556e-01  -2.0080515e-01   1.3095876e-02
   7.7080155e-01  -1.9476741e-01   1.0125832e+00
  -7.1975362e-01   5.8559000e-01   9.8577000e-02
  -4.3147788e-01   4.7606620e-01   5.8679039e-01
  -1.1254501e-01   9.2247983e-01   1.4073864e+00
   7.6702669e-01  -1.9038782e-01  -6.3842624e-01
   7.2059597e-01  -7.4189776e-01   1.1130714e+00
   1.2870194e-01   5.5868238e-01  -1.9147358e+00
   7.4230985e-01   3.8363381e-01  -8.0987382e-01
   2.7500692e-02  -8.0213601e-03  -1.9302718e+00
   8.3735238e-01  -8.5400639e-01   1.5461503e+00
   2.3454680e-02   9.4197002e-01   1.2731129e+00
   1.5621095e-01   3.4233883e-01   1.2496583e+00
  -3.9365742e-01  -1.1432301e-01   1.5579689e+00
   1.0166590e+00   4.8020761e-01  -5.3616226e-01
   1.7417927e-01  -1.1806590e+00   1.0563281e+00
   5.8086937e-01  -5.1848519e-01   2.1760531e-02
  -3.0918346e-01  -5.2233940e-01   1.8403040e+00
   9.8084091e-02  -2.0915114e-01   3.7213037e-01
   9.0992239e-01  -4.3169880e-01   3.5741198e-01
  -3.4037491e-01   1.1426384e-02   3.3707444e-01
   9.7896589e-01  -4.7470341e-02  -9.7506943e-02
   4.5900617e-01   3.7338232e-01   1.8733032e+00
  -4.2306082e-01   1.2437100e+00  -1.1320887e+00
   6.7612190e-01   2.5708701e-01  -1.3862320e+00
   1.4150574e-01   8.5784191e-01  -8.1587648e-01
  -1.2289035e-01   5.4420413e-01   1.8935807e-01
   7.7223982e-01   1.0845491e-01   3.6895658e-01
   4.0655320e-01  -1.3601838e+00   1.2681230e+00
  -1.2277207e-01  -8.9310814e-01  -1.0650632e+00
   5.8908926e-01   1.1279410e-01   1.1018550e+00
  -1.7077216e-01  -1.8303698e-01   6.7051651e-02
   1.0762127e-01   6.1413225e-01   3.6626599e-01
   3.6432904e-01   2.6603545e-01   2.1089332e+00
   1.2523030e+00   2.1205007e-02   1.6304274e+00
   1.1411190e-01  -4.2117087e-01   1.3324983e+00
  -5.1543027e-01  -4.9978495e-01  -1.0204808e+00
   5.0895338e-01  -5.1746087e-01  -9.8318468e-01
   5.8763298e-01   4.6592816e-01  -1.2652447e+00
   5.2349494e-01   7.1414960e-01  -2.0314215e+00
  -2.1188562e-01   1.4091212e+00  -1.2264168e+00
   3.7518719e-01   4.6827957e-01  -1.1920749e+00
  -9.2547077e-01   8.8568255e-02  -1.9963770e+00
   8.0813201e-01   2.5759638e-01  -7.9340541e-01
   7.1815231e-01   6.7902640e-01  -1.3803943e+00
  -1.4614154e-01   6.2814185e-01   1.0684682e+00
   4.3868218e-01   1.4998424e-01   1.3665921e+00
   1.1785041e-01  -1.8715764e-02  -1.6852773e+00
   1.4801311e-01   5.9375592e-02  -1.5843025e+00
   8.2128724e-01  -5.6301222e-01   8.7619215e-01
   7.5854300e-01  -8.0879325e-01   1.9803201e+00
  -1.8404692e-03  -1.5533894e+00   2.2522596e+00
   7.2607936e-01  -4.0439422e-02  -1.6981995e+00
  -6.3590927e-01   4.9582345e-01  -2.2785106e+00
  -6.2480198e-01   1.2143889e+00  -1.3527579e+00
  -3.4876253e-01   7.7333198e-01  -1.3309988e+00
   1.0573057e+00   1.5779518e-01   1.6948155e+00
  -6.4002562e-01   1.1825175e+00  -1.9227091e+00
   2.7425284e-01   8.3745178e-01   5.3594497e-01
  -4.3968751e-01  -6.0544435e-01   4.4590363e-01
  -1.4214535e-01   7.6102623e-01   6.8615214e-01
  -4.4626346e-01  -5.1934003e-02  -1.5843145e+00
  -2.1525790e-01   7.6690386e-01   1.6782139e+00
  -1.0925010e+00  -3.7851783e-01   1.1475761e+00
   3.0750255e-01  -1.0131645e+00   1.8735524e+00
   6.9971033e-01   6.2879800e-01  -2.0733740e+00
   4.6587165e-01  -7.9962753e-01   2.2905334e+00
  -1.3116562e-01  -1.1333196e+00  -4.4705078e-01
  -8.1016240e-01   4.1826689e-01   1.5584412e-01
   4.5742160e-01  -1.1826495e+00   1.4636354e+00
  -8.4453904e-02   3.5598354e-01   2.1901495e+00
   6.7455394e-02  -7.7497611e-01  -2.3713457e+00
   8.9119448e-02  -9.2940079e-01   1.1406565e+00
   2.2979059e-01  -8.3634448e-02   2.1211200e+00
  -4.0737935e-01   1.9462955e-01  -6.7580832e-01
   5.4318014e-01  -7.2067191e-01   1.8280813e-01
   9.9581544e-03   6.6815420e-02  -1.1853714e+00
  -1.2900758e-01  -1.0577203e+00  -9.4163502e-01
  -3.5934183e-01   1.2071574e+00  -1.3249998e+00
   7.1188345e-01  -1.2450979e+00   1.5425783e+00
   5.6448478e-01  -4.2011041e-01   2.4218140e+00
   2.7996981e-02  -5.2474557e-01   2.1924490e+00
   4.0584032e-01   7.9813715e-01  -6.7861613e-01
  -5.0579254e-01  -8.8819180e-01   1.1771399e+00
  -6.2972017e-01  -6.0576938e-01  -9.3289629e-01
   8.8088981e-01  -1.4108175e-01  -6.8132618e-01
  -7.8952074e-01   3.8796233e-01  -8.1842320e-01
  -3.0823058e-01   7.4673205e-01  -2.1964793e+00
  -2.5784435e-02  -2.4114872e-01   2.3494668e+00
  -4.8815583e-01   8.3796969e-01  -1.5546123e+00
  -7.1512989e-01  -2.9912104e-01  -1.7640193e+00
  -8.3846161e-01   6.2996227e-01  -1.0178783e+00
   4.9617281e-01   3.6990557e-02   1.9927788e+00
   1.3875737e+00  -2.9430854e-01   2.1995944e+00
   9.2721766e-01   1.2630795e-01   3.5086841e-01
  -8.0614098e-01   2.5156945e-01   9.7148451e-01
  -2.8481326e-01  -4.4951367e-01  -3.7119405e-01
  -1.0810065e+00   3.1692886e-01  -2.0442105e+00
   6.1073474e-01   8.1541342e-01  -2.0582971e+00
   2.2190612e-01   6.0044306e-01   2.1178258e+00
   1.0505063e-01  -1.1149990e-01  -9.6336975e-01
   6.2183754e-01   4.1685282e-01   1.1620839e+00
  -7.6585239e-01  -3.3292930e-01   2.0723178e+00
  -5.6175347e-01   1.1037994e+00  -1.6378387e+00
   6.4421839e-01   4.8275578e-01  -1.8219674e+00
   2.5518787e-01   5.7217880e-01   1.3782848e+00
  -1.9378824e-01   1.1376407e+00  -1.8079887e+00
   1.6736376e-01   3.2525631e-01  -5.3033463e-02
  -7.3972837e-01  -6.1773583e-01   4.4383722e-01
   6.0131455e-01   2.6877405e-01   2.3794343e+00
   1.0932715e+00  -1.0455497e-01   4.8832871e-01
   8.0366605e-01   1.4409933e-01   2.2807086e+00
  -2.7342265e-01   6.1817944e-02   8.8828195e-02
   9.4526997e-02  -8.9256740e-01  -8.4236520e-01
  -8.7169119e-01  -6.4415970e-01   2.4454709e+00
  -6.1403421e-02   1.1947080e+00   4.4227709e-01
   6.3797033e-01   6.0587507e-01   5.7431139e-01
   3.6344665e-01   1.9376739e-01  -6.1957595e-01
  -5.4105191e-01   9.3118965e-01  -6.8331162e-01
  -1.7044075e-02   2.9164159e-01   2.4293027e+00
  -5.1038905e-02  -7.0159488e-01   1.2456202e+00
  -4.3150567e-01   4.2675731e-01  -2.2310700e+00
  -2.9795203e-02  -9.0280887e-01  -2.3888774e+00
   6.8432860e-01  -6.2124089e-01   1.4357009e+00
   1.9453544e-01  -7.3700130e-01   9.3115971e-01
  -6.3683283e-01   2.3798123e-01   1.4053897e+00
   4.5710558e-01   1.5422201e-01   5.1044717e-01
  -3.9579120e-01   2.9924324e-01  -1.2265921e+00
  -6.0509380e-01  -1.6977661e-01   6.8175364e-01
   2.5516905e-01  -1.2085705e+00   2.0277702e+00
   7.8862474e-01  -1.9506497e-01  -6.3310134e-01
   1.0132139e+00   1.7040456e-01  -5.5995624e-01
  -5.0487195e-01   6.9650689e-01  -2.2760440e-01
   4.6062481e-01   9.1330976e-01  -2.2101356e+00
   3.2709584e-02   8.3284399e-01  -1.1044270e+00
   8.5020788e-01   7.5761410e-01  -2.0035947e+00
   1.0864371e+00   2.4068056e-01  -9.6170565e-01
   5.9855995e-01  -3.8028726e-01   3.1829317e-01
   1.1254098e+00   3.2484270e-01  -1.7236426e-01
  -9.1225299e-01  -4.8160666e-02  -2.4357722e+00
  -3.1186024e-01   3.0614338e-01  -2.2665717e+00
  -8.9874604e-03  -1.0944857e+00   1.6276195e+00
  -6.1143612e-01   9.9604840e-03   2.2828200e+00
   1.7042014e-01   1.1073869e-01  -1.5696208e-01
   5.8248975e-01  -3.3675474e-01   1.6587827e+00
   2.8888409e-01  -6.1847168e-01   2.3092546e+00
  -3.3791489e-01   3.2244963e-01   6.4489530e-01
  -8.6562427e-01  -9.5134268e-02  -6.6848616e-01
  -4.8592855e-01   1.3172867e+00  -1.5307674e+00
   6.2613544e-01   8.2117061e-02  -4.1774355e-01
  -5.5948321e-01   1.2274278e-01  -1.1713777e+00
   6.1051128e-01  -5.4685195e-01   4.3901341e-01
   6.1580898e-02  -1.1542310e+00   1.3110951e+00
   1.2517039e+00   7.4899737e-02   7.5019184e-01
   7.9999534e-01   1.3770495e-01   5.6409808e-01
   7.3401911e-01  -3.5318288e-01   4.3046770e-01
  -9.0231342e-01  -2.5710535e-01   1.8135608e+00
   4.6076318e-01   5.9801299e-01  -6.6515231e-01
   8.5384419e-01   1.0778673e-03  -5.8699922e-01
   4.0704548e-02   8.7989786e-01  -2.2864266e+00
  -2.5684728e-01  -9.2645900e-01   8.8871728e-03
  -1.0212326e-01  -4.7956271e-02  -1.6143615e+00
   1.8341088e-01   1.0669984e+00  -2.1451557e-01
   8.2323101e-01   5.8876107e-02   1.8422438e+00
   1.3818582e-01  -1.2735255e+00   1.9810801e+00
  -5.4731526e-01  -3.0013106e-01  -2.1941609e+00
   2.6095436e-02   6.4635945e-01   8.6475018e-01
  -6.4749790e-01  -5.1577310e-01   9.5544303e-01
   4.3210997e-01  -3.1478904e-01   4.9340445e-01
  -1.3253953e-01   1.1605326e-01  -6.4605186e-01
   8.1081169e-01   1.9769168e-01   1.9963413e+00
   1.6985007e-01   8.0725843e-01   1.5007877e+00
  -4.6175659e-01   1.2483525e-01   1.6737839e+00
   7.7079940e-01  -5.3210520e-01  -1.7264686e-01
  -8.2976353e-01   8.7871548e-01  -2.2413476e+00
   3.9505003e-01  -2.1633981e-02  -1.7750262e+00
   6.6100248e-02  -1.2048210e+00   1.2411021e+00
   1.7885695e-01   5.3585089e-01   1.4792009e+00
  -2.8872237e-01   1.2051875e-01   1.1182545e-01
  -9.3331567e-01   4.8399157e-01  -1.3127034e+00
   3.0876015e-01   1.1907368e+00  -2.2843275e+00
  -7.9337467e-01  -7.5670939e-01   2.0133351e+00
   4.3495605e-01   4.6661351e-02   2.4732570e+00
   3.2167061e-01   1.0490491e+00  -6.4028293e-01
   6.8874902e-01   9.3783403e-01  -2.2473568e+00
  -6.9408391e-01   1.0507386e+00  -1.5778663e+00
  -1.1176911e-01   4.9009042e-01   1.2101630e-01
  -1.5651227e-01  -3.7966456e-01  -1.8493641e+00
   3.0114018e-02  -1.2034044e+00   1.6389358e+00
  -5.8366182e-02  -3.7942964e-01   9.0746804e-02
   1.0354291e+00   2.2449385e-01   6.6385173e-01
   2.6769961e-01  -6.2748622e-02  -2.4413785e+00
  -2.0443130e-01  -2.3900705e-01  -6.6859891e-01
   1.3467398e-01  -4.3058589e-01   6.8035793e-01
   3.1630440e-01  -1.1315877e+00   1.8206126e+00
   4.6617773e-01  -2.0381446e-01  -1.0871915e+00
  -3.5796261e-01   1.7826117e-01   9.8697876e-01
  -1.4141276e+00   6.4503852e-02  -1.9209315e+00
  -8.5552853e-01   5.8774992e-01  -1.8442902e+00
   6.7481850e-02  -1.3383896e+00   1.1112225e-01
   5.8063780e-01  -1.1176533e+00   2.0300274e+00
  -3.1338080e-02   1.4739969e+00  -1.8825147e+00
  -7.6529007e-01  -4.2344459e-01   1.4037996e-01
   1.2031800e-01   1.1835817e+00  -2.2863435e+00
  -7.5667977e-01   3.3433452e-01  -1.1467955e+00
  -2.8126070e-01  -5.8358357e-01   1.5813138e-01
   7.1095830e-01  -5.7954068e-02  -8.4581741e-01
  -3.9015279e-01  -8.7965583e-01  -1.2206281e-01
  -1.4990825e+00   1.7513200e-01  -1.7702078e+00
  -1.4848792e-02  -3.5006054e-01  -8.1676975e-01
  -8.6937537e-01   4.5630851e-01  -1.2400522e+00
  -1.1789609e+00  -3.4772589e-01   3.2921883e-01
   4.1409662e-01   2.5567799e-01  -1.2494898e+00
   1.0514176e+00   3.5392487e-01  -6.0943680e-01
  -6.7027234e-01   2.1436210e-01  -1.8435263e+00
   1.7641707e-01   4.0172481e-01  -1.4106714e+00
   9.1590395e-01   3.8837608e-02  -3.5022750e-01
   5.0354434e-01  -7.7508748e-02  -8.4226701e-01
  -8.0322044e-01  -4.3269146e-01  -4.4055327e-01
  -1.1010338e-01  -4.4030867e-02   1.2145954e+00
  -2.7385378e-01   6.4553756e-01  -1.5957512e+00
   2.2065600e-01  -4.7005000e-01   7.2659259e-01
   9.7906299e-02   1.3418415e+00  -1.4853426e+00
   7.6685011e-01  -4.4267715e-02  -1.0121815e+00
  -5.7430932e-01   4.6382070e-01  -9.9219955e-01
  -1.2275231e-01   9.2977281e-01  -6.2690592e-01
  -9.0085077e-01  -2.5480733e-01   1.1803755e+00
  -2.3496482e-02  -1.1818724e+00   1.2802616e-01
   1.8855321e-01  -1.3015150e+00   2.2213672e+00
   1.5230557e-01   7.2443834e-01   2.3004975e+00
   7.8615462e-02   2.2491712e-01  -2.3811532e+00
   4.4995110e-01   7.0081709e-02  -1.4836093e+00
   6.8672581e-01  -2.3941181e-01  -7.9822533e-02
  -1.5046220e-01  -1.3952674e+00   1.8766464e+00
  -8.5925206e-01  -7.6335584e-02  -1.0767043e+00
  -5.8823806e-01   2.6991511e-01  -9.8254903e-01
  -3.8728249e-02  -7.9513930e-01  -3.0141322e-01
   6.1452395e-01  -3.7536702e-01  -8.0556306e-01
   3.7473909e-01   6.6775222e-01   1.1162937e+00
   2.2885398e-01  -1.1076181e-01   1.2461487e+00
   9.5814113e-02   7.8281639e-02   3.0990176e-01
   5.3002584e-03   3.3879356e-03  -2.0474302e+00
   4.3731718e-01   5.9911207e-01  -5.5026156e-01
  -8.4086783e-01   9.6988449e-01  -2.2587142e+00
  -2.9087963e-01  -7.2289824e-01   1.0915231e-01
   6.1491406e-01   3.4657681e-01   2.0955620e+00
   2.5317687e-01  -1.9539056e-01   1.5908759e+00
  -4.2009018e-01   2.0371264e-01   8.6812505e-01
  -6.8524753e-01  -2.5877146e-01  -2.1651603e+00
   1.1228341e+00  -3.0017908e-01   1.6131047e+00
   7.1213962e-01  -8.5938209e-01   1.5101728e+00
  -3.9630141e-01  -2.4169504e-01  -2.2380444e+00
  -2.3912802e-01  -1.3263153e+00   1.8695597e+00
  -4.5603390e-01   1.4883047e-01  -2.7461135e-01
   1.0295148e+00  -1.5833928e-01   1.9978523e+00
   1.0856549e+00  -7.6545392e-01   1.9251365e+00
  -2.6110207e-01  -9.3485035e-01   1.1494808e+00
   1.8170745e-01  -2.8970955e-01   2.0999169e+00
   3.7689873e-01   1.4516996e-01  -3.6543924e-01
  -8.6456676e-01   3.9761045e-01  -2.3133489e+00
   7.3331320e-01  -2.7319112e-01   4.4585241e-01
  -6.2470081e-01   6.8681430e-02   1.6706400e+00
  -9.2260664e-01   5.1364697e-01  -8.6654659e-01
   2.7005361e-01  -2.0094941e-01  -1.6431074e+00
   7.3327331e-01   4.6047346e-01  -1.3772285e+00
  -9.6221014e-01   3.6859907e-01  -6.1948862e-01
   9.3576832e-01  -9.3896464e-01   1.5164024e+00
  -4.6391646e-01   6.4101872e-01   4.5352697e-01
   8.6344713e-02   7.0200864e-01  -1.0166313e+00
  -1.8640531e-01  -1.1160161e+00  -5.2764847e-02
   6.5158452e-01   2.7416257e-01   1.4671908e+00
  -3.6204780e-01   1.9331083e-01   2.0241001e+00
   8.5048193e-01   8.1420676e-01  -2.4586571e+00
   6.2151196e-01   3.7063258e-01  -1.5955750e+00
  -9.5594757e-01  -5.8049592e-01   2.2092816e+00
   3.8250570e-02  -1.2065362e+00   1.6970977e+00
  -9.1594608e-01   8.3825096e-01  -1.6499172e+00
  -1.2370287e+00  -1.0524191e-01  -1.3677581e+00
  -1.2057381e+00   1.7196468e-01  -1.5198999e+00
  -3.7866967e-01  -7.1501451e-01  -6.3307578e-01
   1.0464425e+00  -4.1658158e-01   1.7311884e+00
  -8.0117316e-01   4.6903990e-01  -1.3284721e+00
  -1.5463261e-01   3.4918679e-01  -1.4221331e+00
   7.3589173e-01  -6.0943597e-02  -1.5493970e+00
  -7.3513660e-01  -6.7420074e-01   1.2169149e+00
  -4.3061966e-01  -5.1999624e-01  -1.4126197e+00
  -2.3135015e-01  -7.2080658e-01  -7.1262058e-01
   3.1546586e-01  -4.3048227e-01  -1.8257778e+00
   1.1958673e+00  -1.3717147e-01   5.8233207e-01
  -1.9988907e-02   1.4377959e-01   1.7167377e+00
  -8.8750692e-02   1.0190609e+00   1.5102424e-01
  -1.2323405e+00   1.4743154e-01  -3.6046953e-01
  -3.2777242e-01  -8.2415367e-02  -2.5256018e+00
  -8.5339234e-01  -3.8194056e-02   1.2335385e+00
  -5.0594407e-01   1.4569499e+00  -1.9293752e+00
  -4.1539574e-01   1.5148431e+00  -1.3028756e+00
   9.5174644e-01  -1.5855386e-01   3.5051110e-01
   4.4033979e-01  -3.6105390e-01   6.5772005e-01
   5.5750806e-01   8.1103578e-01  -5.0473395e-01
   1.9148415e-01  -8.0696464e-01   3.3474848e-01
  -2.5220784e-01  -1.1955797e+00   1.3174015e+00
  -4.9878302e-01  -1.5789014e-01  -6.5689479e-02
   1.1327162e-01   1.8022656e-01  -2.3788902e+00
  -9.2283925e-01   5.6992295e-01  -1.2826178e+00
   2.3491481e-02  -7.2483903e-02  -2.5334399e-01
  -3.4485192e-01   1.5016957e-01  -1.3839193e+00
   1.3667165e+00   1.1924485e-01   1.1457007e-01
   2.4052238e-01   5.0626024e-01   1.8170510e-01
   2.2659010e-01   5.0467607e-01  -1.5174128e+00
   2.2132346e-01  -3.3963817e-01  -8.6218512e-01
  -7.6052998e-01  -5.6883341e-01   2.0537244e+00
   1.1022507e+00  -9.3249521e-01   2.2534894e+00
