  -4.2416836e+01   6.7643155e+00   2.2449237e+02
  -6.3291262e+01  -1.0983004e+02   1.4397229e+02
  -9.8197827e+01   7.0234019e+01  -3.5598035e+01
   8.5753617e+01   7.0911402e+01   9.4637891e+01
  -6.0148711e+01   2.9670067e+01   2.5297972e+02
   3.9571871e+01   1.4526819e+01  -1.1899404e+02
  -5.1879802e+01  -9.2295553e+01  -6.7352034e-02
   4.5962397e+01  -6.4837379e+01   1.3970019e+02
  -5.4365450e+01  -7.0676366e+01   2.0295664e+02
  -7.5126443e+01   7.4549448e+01  -9.7290483e+01
  -3.0890904e+01   4.2780985e+01  -1.6514112e+02
   6.9820329e+01  -2.4911283e+01  -1.3805754e+02
  -4.9281578e+01  -1.6517288e+00  -1.2707657e+02
   8.6071824e+01  -1.1617140e+02   1.8086865e+02
  -1.5847382e+01   1.0804482e+02  -1.7551854e+02
  -7.2464835e+01  -6.4994728e+01   6.8592599e+01
   8.2572523e+01   9.1201542e+01   2.1710174e-01
  -1.9557519e+01   2.0720068e+01  -3.9895434e+00
  -7.0935916e+00  -2.4258324e-01  -1.3582525e+02
   7.8625880e+01  -2.0013937e+01   2.1677750e+02
   8.4051396e+01  -6.4402592e+01   1.9483533e+02
  -3.6952635e+00   4.8583254e+01   6.4824901e+01
  -3.6806894e+00  -2.9358193e+01  -1.0783740e+02
   1.7133501e+01   7.0322362e+01   2.7054071e+01
  -5.8748657e+01  -4.3078406e+01   1.5355766e+02
  -6.0750885e+01   1.5724889e+01  -7.4848511e+01
  -1.7077202e+00  -1.1802074e+02   1.0393503e+02
   1.0968701e+02  -7.4899141e+01   2.3139173e+02
   7.6492412e+01   4.0227827e+01   1.8074167e+02
  -5.9213899e+01  -1.7691534e+01  -1.6755552e+02
  -8.2100980e+01   4.0882124e+01   3.3291560e+01
  -6.5821980e-01   1.3136842e+02  -2.1296601e+02
   5.2684458e+01  -1.1643632e+01  -5.1406298e+00
  -3.1091013e+01   6.7156437e+01   1.4719051e+01
   6.2607815e+01   7.4879128e+01  -1.5156250e+02
  -4.2955532e+01   1.1130140e+02  -1.7517923e+02
  -7.3908034e+01   1.0602788e+01   2.7822340e+01
   4.2606346e+01  -6.4361511e+01   4.7470876e+01
   1.2354434e+01  -1.0584478e+01  -1.1057365e+02
   6.1424492e+01   5.7035568e+01   1.5573314e+02
  -7.5284069e+01  -6.8880260e+01   1.0655844e+02
   9.3904475e+01  -4.4185260e+00  -8.0296387e+01
   5.6988120e+00  -6.6288195e+01   4.3539887e+01
   6.8808761e+01   7.0750812e+01   1.0435238e+02
   4.3536562e+01  -9.9528791e+01   2.0343680e+02
  -7.2579691e+00  -1.2406871e+01  -1.9886403e+02
  -8.4292166e+01   5.1119738e+01  -5.2868563e+00
  -9.9060355e+00  -7.1260456e+01   8.9441280e+01
   4.9365826e+01  -4.3023072e+01   3.8198212e+01
   2.4359014e+01  -1.0926979e+02   1.0633855e+02
  -1.0115757e+01   4.7657197e+01   1.1445111e+02
  -9.5846480e+01   2.4452965e+01  -2.3926887e+01
   1.5465900e+01  -5.9494960e+01   1.5664205e+02
  -5.6580098e+01  -2.0860721e+01  -1.8719354e+02
   9.9306980e+01   3.1658105e+01  -2.2099691e+02
  -1.5313801e+01   4.2366377e+01   2.2335745e+02
  -9.8541163e+01   1.1501826e+02  -1.2339274e+02
  -4.9617485e+01   1.6278589e+01  -1.6964732e+02
  -6.4698445e+00  -1.0039214e+02   4.9350789e+01
  -5.6117010e+01   3.9953346e+01   1.9990791e+02
  -5.1810078e+01  -9.9515278e+00  -1.6848554e+02
  -2.1095972e+01  -1.4610920e+02   1.9388582e+02
   1.6880328e+01   3.8746526e+01  -6.9343870e+01
   2.0819883e+01   1.3476897e+02  -1.8872807e+02
   5.8901046e+00   6.8214875e+01   5.9706017e+00
  -4.0695014e+01   8.9603748e+01  -1.9878561e+02
  -3.4968630e+01  -7.1156297e+01   1.9193666e+02
  -7.6786565e+01   3.8952046e+01  -2.1553203e+02
   1.0064120e+02  -1.2809934e+02   1.7502713e+02
  -1.5003270e+01  -3.8204079e+01  -1.0490591e+02
   9.9395911e+01  -1.0547093e+02   2.3144264e+02
   2.5521655e+01   7.4852705e+01  -2.0175753e+02
   3.3899936e+01  -7.6524137e+01  -1.0961837e+01
   3.7111657e+01  -8.8041642e+00   1.2619073e+02
  -7.7598727e+01  -1.1553308e+02   6.4878919e+01
  -7.1050393e+01  -3.2288893e+01  -2.1320662e+02
   4.2107882e+01   2.6600220e+01   1.0790024e+02
  -2.5372026e+00  -9.9873912e+01   1.2377412e+02
  -2.2964221e+01   4.1796617e+01   4.5403931e+01
   2.2181227e+01  -7.3452866e+00   2.1726197e+01
  -7.5796891e+01   9.7660681e+01  -1.6856538e+02
  -2.0640932e+01  -3.3337365e+01   1.5111291e+02
   2.6918888e+01  -1.0301813e+02   7.0358370e+01
   6.0352513e+01   7.3901631e+01   7.8263375e+01
  -7.1678228e+01  -2.2009564e+01   1.4385492e+02
  -4.8214089e+01  -9.3327526e+01  -6.0083979e+01
  -4.1207184e+01  -2.2789985e+01  -1.8401051e+02
  -2.8223757e+01  -3.2687637e+00  -9.0825805e+01
   2.5510015e+01   2.2877616e+01  -1.1797467e+02
  -2.8197877e+01   3.2633863e+01  -2.0263436e+02
   3.4456147e+01  -4.5088729e+01   5.8709294e+01
   7.2090411e+01  -8.2951078e+01   7.6515169e+01
   3.2260409e+01   2.9668910e+01  -1.3501452e+01
   6.3877149e+01   4.4234945e+01   4.5064109e+01
  -3.7210064e+01  -6.9704942e+01  -1.1813471e+02
   8.0558046e+01   5.0261172e+01  -1.9435863e+02
   4.6621010e+01   1.1127211e+02  -1.3503300e+02
   2.5475324e+01  -1.4180204e+02   1.8747042e+02
   7.9040174e+01  -1.6549431e+01   1.2700027e+02
   9.5009418e+00  -1.0504054e+02   1.1701174e+02
   6.5147024e+01   2.3532826e+01   1.7357432e+02
  -9.9901515e+01   8.9056323e+01  -1.3112231e+02
  -2.0865757e+01   9.4521602e+01  -1.8185699e+02
  -1.4664564e+01   1.0797345e+02  -1.1018926e+02
  -1.7060885e+01  -3.7722188e+01  -2.0444942e+02
   6.1661581e+01   4.2988054e+01  -1.7777241e+02
  -8.0215106e+00  -1.5955624e+01   9.1275493e+01
  -7.7205550e+01   1.1958166e+02  -1.1967892e+02
  -3.3870754e+01   6.6162454e+01  -1.2703188e+02
  -7.2491459e+01   9.8037330e+01  -1.9768446e+02
  -4.4630634e+01  -8.9903050e+00   2.2478668e+02
   8.5775311e+01  -1.6380294e+01   1.0848568e+02
   3.7063522e+01   2.5005357e+01   2.4953666e+02
  -7.2090895e+01  -1.3870248e+02   2.1783608e+02
  -5.3225494e+01   2.8947197e+01  -1.1075070e+02
   3.8487080e+01  -1.3427529e+01  -7.6959722e+01
  -8.3825970e+01   6.1484401e+01  -2.0875144e+02
  -5.9097638e+01   9.5690683e+01  -3.9441316e+01
  -2.8252523e+01  -1.0249211e+02   1.1834322e+01
  -9.7944180e+01   4.0392981e+01   9.4717322e+01
  -7.5057948e+01   2.7081710e+01   1.0193397e+02
   8.8572253e+01  -2.4117513e+01   1.4289953e+02
   9.0263599e+01  -5.3941114e+01   1.9457348e+02
   6.5160435e+01  -6.4131128e+00   1.1299879e+02
   4.4364397e+01   7.6719705e+01   1.2297061e+02
   2.2658402e+01   5.4327945e+01   1.3123930e+02
  -7.5708912e+00   4.8441745e+01  -4.7938476e+01
  -6.2350533e+01  -2.2387305e+01  -8.9467283e+01
   4.0466057e+01  -9.4857732e+01   1.6054215e+00
  -5.1771297e+01  -6.4671057e+01   5.6432366e+01
   2.3742264e+01   7.4253871e+01   1.8729807e+01
  -3.0326140e+01   8.3377371e+01  -9.2502281e+00
  -7.1698547e+01  -6.3600800e+01   1.6566006e+02
  -2.4450079e+01  -8.5552483e+01  -5.0001104e+01
   7.1205444e+01  -3.7622037e+01  -3.5927460e+01
   1.5490518e+01   2.0039493e+01   1.8015036e+02
   5.2295206e+01   7.9517505e+01  -4.6895288e+01
  -4.8382214e+01   5.0271082e+01  -1.9556716e+02
   6.8286690e+01   3.6231319e+01  -9.1235040e+01
   7.7525219e+01  -4.1124303e+01  -8.6768984e+00
  -8.4294950e+01   1.0264998e+02  -2.2086107e+02
   1.0105478e+00  -6.0228978e+01  -1.6862499e+02
  -4.4790529e+01   3.8648656e+01  -1.5119825e+02
  -8.6231218e+01   9.6545993e+01  -1.3666519e+02
  -8.9336322e+00  -4.4703083e+00   2.0412515e+02
   3.6840339e+01   3.3855794e+00  -8.5806295e+01
   1.1428962e+01  -9.4686626e+01   2.1644754e+02
  -3.9902824e+01   7.1402476e+01  -1.3412550e+02
  -9.6813454e+01  -1.6631898e+01   1.0575684e+02
   4.5232364e+01  -1.4694335e+01  -1.8175907e+02
  -8.5680190e+01   5.1479208e+01   6.4629719e+01
  -3.1107409e+01  -1.3961317e+02   2.2059429e+02
  -1.9631894e+01  -7.1589883e+00  -7.6101767e+01
  -4.6968822e+01   6.4721825e+01  -4.0789842e+01
  -6.4242545e+01   1.1361925e+02  -1.7431972e+02
  -2.3724486e+01  -3.5998127e+01  -1.2879265e+02
  -6.5617657e+01   1.4501800e+01   1.6572917e+01
   1.9764991e+01  -1.0262134e+02   1.5269530e+02
  -3.4278269e+01   8.0741270e+01  -2.8495559e+01
   3.8406910e+01  -6.2571883e+01   7.5014800e+01
  -6.7327407e+01  -1.2607580e+02   1.3361145e+02
   7.8654992e+01   2.7561641e+01   1.5827072e+02
   5.8330567e+01   6.1457411e+01  -1.0326462e+02
  -2.7219996e+01   3.1576090e+01   1.4449396e+02
  -8.0170583e+01  -4.7850761e+00   4.7408507e+01
   8.9328197e+01   3.0034957e+01  -5.4852812e+01
  -1.7602481e+01  -4.0328046e+00  -8.3417712e+01
   3.2202718e+01  -2.5418951e+01  -1.6624697e+02
  -7.8963879e+01   1.3225486e+02  -2.1105970e+02
  -8.2639155e+01  -2.5809975e+01  -2.0734346e+01
  -2.8313215e+01  -1.2872989e+02   8.9599279e+01
   8.0413619e+01  -1.0545527e+01  -2.3284577e+02
   9.7220135e+01   3.6725875e+01  -1.2841069e+02
   5.1092292e+01  -1.2265237e+00  -2.7301884e+01
   2.5625390e+01   1.1069107e+02  -1.4409574e+02
   8.3517165e+01  -1.0196054e+02   1.0338898e+02
  -2.4294360e+01  -5.9483139e+01   4.7748739e+01
  -3.0781224e+00   3.8462568e+01  -3.4307869e+01
   5.8545162e+01   4.4581051e+01   7.2350585e+01
  -3.6734568e+01   2.0642558e+01  -1.9882162e+02
   4.5368068e+01  -8.4856816e+01   1.1020863e+02
  -9.2659285e+01   1.8852532e+01   1.3143755e+02
  -1.8512230e+01   6.2323036e+01  -8.5310733e+01
  -7.6505178e+01  -1.5491109e+01  -4.8427570e+01
   4.4998905e+01  -5.7542094e+01   2.1531272e+02
   1.1105196e+01   1.4239076e+01   1.9407192e+02
   8.1046370e+01   5.7584854e+01   6.9566682e+01
   6.9222594e+00   1.1021566e+02  -4.8118429e+01
  -3.8897633e+01  -1.0730261e+02   3.8801396e+01
  -5.9906336e+01   4.7698716e+01  -1.1929218e+02
  -9.2023490e+01   9.1220013e+01  -5.7967599e+01
  -6.9540418e+01   7.7748075e+01   2.2712141e+00
   6.9115129e+01   9.8991015e+01  -1.9876885e+02
   8.1541391e+01  -5.0344043e+01   1.1963331e+02
   8.2900630e+01   3.7573308e+00  -2.2463197e+02
   3.0642841e+01  -7.9683815e+01   1.6417116e+02
   6.2318259e+01   1.2098584e+02  -8.1324973e+01
  -3.9430800e+01  -1.8010711e+01  -1.5799671e+02
  -8.0622815e+01  -4.3783803e+01   2.4202034e+02
   3.7683443e+01   7.6365465e+01  -1.7317686e+02
  -5.7696824e+01  -1.2409224e+02   6.8112561e+01
  -1.0688045e+01   4.6615818e+01  -1.8601651e+02
  -5.6747137e+01   5.6098951e+01   1.0206933e+02
   7.5940234e+01  -1.4630065e+01   1.2866814e+02
   1.2276792e+01   6.8012856e+01  -1.8212091e+01
   5.7022980e+01   4.9466953e+01  -8.3856848e+01
  -1.9235705e+01  -7.6561668e+01  -1.2431461e+02
   6.8270032e+01  -8.4281621e+01   1.0167473e+02
  -4.2867762e+01   4.3615898e+01  -7.7720708e+01
   6.2719422e+01   5.4326779e+01   1.0468223e+01
  -4.1794707e+00   4.0982060e+01   1.2089553e+02
   7.2571899e+01  -6.1609930e+01   1.6930466e+02
  -1.3236725e+01  -1.3119175e+02   1.1308357e+02
  -6.9241501e+01   5.3200333e+01  -2.2363650e+02
   6.6540916e+01   3.8892873e+01   3.4113823e+01
   5.1607436e+00   6.7286296e+01   6.5653978e+01
   7.2132871e+01   1.0750838e+02   2.4553105e+01
  -2.2245389e+00  -1.2819944e+01  -2.1960714e+02
  -4.4901404e+01  -1.1224312e+01   2.5122209e+02
   8.9750018e+01  -9.3536934e+01   3.3485020e+01
  -6.4634607e+01   1.4725500e+01   6.1659158e+01
   8.4470014e+01  -6.1686911e+01   1.1820020e+02
  -1.0568478e+02   1.0297677e+02  -8.0775233e+01
   2.8245516e+01   5.9006902e+01  -1.5015736e+02
  -2.3673485e+01  -4.3070098e+01   5.5943842e+01
  -6.8166591e+01  -6.5971567e+01   2.4246828e+02
   5.5376485e+01   9.3996559e+01  -1.1963103e+02
   6.9322727e+01  -7.4618808e+01  -2.7502104e+01
   8.0773497e+01  -3.7742474e+01   2.4445626e+02
  -8.5308735e+01   8.1286200e+01  -2.2609634e+02
  -6.5250451e+01  -2.1479053e+01  -2.1984896e+02
   7.3320416e+01  -3.4073870e+01  -3.3980836e+01
  -7.9554481e+01  -2.1946977e+00  -2.1051700e+02
   8.7180055e+01   2.5329379e+01  -2.1481218e+02
   3.8440357e+01  -9.6155194e+01   1.4952570e+02
   6.8821420e+01   1.3253627e+02  -6.0477994e+01
  -3.3142613e+00  -6.6400620e+01   1.6106109e+02
  -4.8037580e+01   2.2962590e+01  -2.4621286e+02
   4.8967890e+01   1.4279008e+02  -1.3538929e+02
  -1.0025123e+02  -1.7250285e+01   2.1319732e+02
  -5.4868345e+01   8.0815945e+01  -4.6965941e+01
   8.5053340e+00  -3.2159112e+01   1.3340739e+02
   9.7131942e+01  -5.7263900e+01   2.0413894e+01
   5.6308520e+01  -2.6993190e+01   2.4690654e+02
  -8.0632950e+01  -4.7607866e+01  -1.9089083e+02
   1.1535011e+02  -1.0326468e+02   1.7995455e+02
   1.6237961e+01  -3.5761381e+00   5.4072568e+01
   8.6957495e+01   4.0088313e+01   9.2979089e+01
  -3.4605256e+01   1.2851998e+02  -2.0444417e+02
   9.9871056e+01  -9.4854730e+01   1.0090660e+02
   1.5061610e+01  -5.3386189e+01  -3.4664583e+01
   2.5937456e+01  -7.6449576e+01  -8.1087707e+01
   6.9312870e+01   5.6314852e+01  -8.9892170e+01
   4.7757481e+01   8.8064490e+01   6.0094803e+01
   1.0162481e+02  -3.6018483e+01   2.4563798e+02
   4.2414119e+01  -9.9633914e+01   1.0830164e+02
  -5.3716590e+01   4.5466101e+01  -3.7495874e+01
   1.6463901e+01   5.0292328e+00   7.5291795e-01
  -3.3275455e+01  -1.0182418e+02   2.9621612e+01
  -6.3321991e+01   6.3345301e+01  -1.1208074e+02
   5.7282639e+01  -9.3645706e+01   8.8360974e+01
  -4.8671516e+01   7.6407881e+01  -1.6008366e+02
  -1.0424658e+02   1.2289179e+02  -2.1044891e+02
   5.1342372e+01   3.6447855e+01   1.8383400e+02
   7.4593302e+01   1.4828850e+01  -8.2816067e+01
  -6.3219578e+01   5.7355240e+01  -6.6420412e+01
   1.2609452e+01   4.5855660e+01   2.1988895e+02
  -8.3455716e+01   6.0038313e+01  -1.1381185e+02
  -8.0265944e+01   2.1137381e-01   1.4875360e+02
   4.0363341e+01  -4.5989502e+01   1.3213179e+02
  -1.7689738e+01   8.3755177e+01  -9.4022890e+01
   3.6341237e+01   8.1045229e+01  -4.0140444e+01
  -2.0906227e+01   2.1554887e+01   4.9627591e+01
   9.5405457e+01   9.3415939e+00   4.4066808e+01
   3.2916914e+01   7.2168517e+01  -1.0193568e+02
   2.6025852e+01  -3.0110042e+01  -6.0352308e+01
  -7.2718317e+01   5.6071648e+01  -1.1463376e+02
  -3.4332404e+01   4.9484752e+00  -2.0374422e+02
  -1.7247554e+01   6.4203108e+01   8.4204808e+01
   1.0832358e+01   1.3178879e+02  -1.0544379e+02
  -6.9049396e+00  -9.4689982e+00  -2.2204392e+02
  -6.6512095e+01   6.6441557e+01  -9.6610443e+01
   7.3135336e+01  -4.6096490e+01   1.7544017e+02
   6.2537717e+01  -6.3332005e+01   1.3897630e+02
  -5.0073932e+01  -2.8629932e+01  -7.0832273e+01
   9.0891618e+00   5.2922414e+00  -3.1774164e+00
   1.3177877e-01  -3.9494999e+01  -1.7420325e+02
   1.0100086e+01  -3.0715985e+01   5.3436048e+01
   4.3300207e+01  -1.5110529e+01   2.6302758e+00
  -6.1793267e+01  -1.0263836e+02   1.6905567e+02
   6.8145827e+01   1.4336617e+01   2.4338047e+02
  -6.8082975e+01   4.0790181e+01   1.7245294e+01
  -9.3562994e+01   5.4999425e+01   9.7286140e+01
  -8.2415032e+01  -3.7111485e+00  -6.6426108e+01
  -3.1062284e+01   5.8837528e-01   2.2155690e+02
  -1.7603337e+01   6.1146933e+01  -6.8835182e+01
  -4.2900253e+01  -5.4264165e+01   1.9163459e+02
  -8.8353239e+00  -5.9547411e+01   1.2713312e+01
   2.4194283e+01   1.7005829e+01   1.6108089e+02
   5.5929101e+01  -5.8462069e+01   1.3763488e+02
   9.6081171e+01   2.0660075e+01   1.4988141e+02
   6.0072392e+01  -8.8645619e+01   1.9426962e+02
  -3.8743458e+01   3.8904917e+00   1.7332814e+02
  -2.6155854e+01  -3.3084134e+01   2.3700800e+02
  -8.4777258e+01   6.6694579e+01  -2.2948182e+01
   6.8111320e+01  -3.6051273e+01  -4.4987496e+01
   3.7606121e+01   3.6194641e+01  -9.5156769e+01
  -9.8404678e+00  -8.5552288e+01  -4.1667838e+01
  -6.3134032e+01   5.3038707e+00  -1.2003867e+02
  -6.1016881e+01  -4.5678099e+01   1.8331238e+02
  -4.5499811e+01   6.0962137e+01   2.3262366e+01
   3.5698776e+01   1.1493232e+02  -4.6921071e+01
  -2.4360834e+01  -5.7510523e+01   9.2117470e+01
  -1.0968859e+01  -1.8088271e+01   1.4052486e+02
  -4.8689433e+01   5.1818018e+01   1.7730533e+02
  -8.1950421e+00   1.3255540e+01  -1.6373332e+02
  -2.7484622e+01  -8.2626678e+01   2.1944906e+02
  -4.5175763e+01  -6.6170786e+01   1.1833365e+02
  -6.7435349e+01  -8.0164254e+01  -1.7605041e+01
  -2.5958286e+01  -2.5180795e+01   7.4013781e+01
  -4.3527155e+01  -5.8363241e+01  -8.0982417e+01
   8.7528472e+01   5.3670248e+01   1.5961946e+02
  -4.7119900e+01  -6.0059659e+01   1.5293793e+02
  -1.0412259e+02   7.4138703e+01  -1.4306053e+02
  -1.0038740e+02   1.1115898e+02  -1.4281065e+02
  -7.1857528e+01   1.0730463e+02  -1.0915186e+02
  -8.6982104e+01  -4.1037046e+01  -7.3549834e+00
   3.3573623e+01   7.0895444e+01   1.1042027e+02
   3.1809992e+01  -7.4915238e+01  -1.2072828e+01
   2.5185361e+01   5.3059479e+01   1.3961390e+02
  -3.8438785e+00  -1.3115890e+02   1.7209401e+02
  -3.5604340e+01   4.0813597e+01  -2.1315164e+02
   4.6350896e+01   1.0154898e+02  -1.8405917e+02
  -6.9731225e+01   5.8473722e+01   6.7543358e+01
   7.5207763e+01   2.9948051e+01  -2.3354120e+02
  -5.2922262e+01  -2.0759844e+00   1.7686393e+02
   1.0920357e+02  -1.0666217e+02   1.7935174e+02
   7.3922838e+01   3.5284308e+01   2.4298635e+02
   2.7557910e+01   7.1355287e+01   1.2757302e+02
  -5.3064943e+01   1.2907305e+01   1.0209060e+02
  -9.2331609e+01  -2.9727451e+01  -1.1514817e+02
   1.2540539e+01   2.4061345e+01   2.1885710e+02
  -8.9314383e+01   5.3692287e+01   7.1162128e+00
  -7.2650220e+01  -1.3647099e+02   1.9115949e+02
  -3.2525295e+01  -2.7105416e+01  -7.5952872e+01
   9.9120839e+01  -7.8620383e+01   1.7978753e+02
  -8.9906929e+01  -5.8904554e+01   1.2185145e+01
   8.4551260e+01  -2.9041751e+01   1.5268267e+02
   1.0156094e+02   8.2194988e+00  -8.6400731e+01
  -5.5791693e+01  -9.9093805e+01   2.1179218e+02
   8.3203981e+00  -4.4027275e+01  -1.3057742e+02
  -7.2804399e+01   8.7451709e+01  -1.2805205e+01
   2.4187111e+01  -4.1759635e+01  -1.5056737e+02
   1.4583612e+01  -1.1142815e+02   8.1704397e+01
   8.9569368e+01   2.6517904e+01   6.1982814e+01
   3.2274906e+01  -3.4222286e+01  -1.4846030e+02
  -3.9382602e+01  -6.5663058e+01  -1.5691739e+02
  -5.0353290e+00   2.5034445e+01  -1.9769255e+02
   6.4919833e+01  -1.0015151e+02   3.0532483e+01
   9.3360587e+01   2.8371988e+00   1.3093770e+02
   7.9663017e+01   3.2338672e+00   1.7888201e+02
   3.2291022e+01  -1.1474971e+02   1.8130079e+02
   6.7589641e+01   4.5847747e+01   1.3355461e+02
   7.3530403e+00  -1.2312622e+02   1.9707786e+02
  -4.2419097e+01   5.2729954e+01   8.9332801e+01
   6.0492295e+01   1.0748602e+01   1.0790317e+02
  -5.1451986e+01  -3.1219210e+01   1.3628856e+02
   1.4815125e+00  -7.7633832e+01  -4.5265674e+01
   6.0101646e+01  -8.0893226e+01  -1.5625393e+01
   6.9012129e+01  -6.3305590e+01  -6.0181311e+01
   4.6254610e+01   5.7182035e+01  -1.6085514e+02
  -2.8197874e+01  -6.5468127e+01   1.4050262e+02
  -8.3827562e+01   6.5945799e+01  -7.9202482e+01
  -6.4856492e+01  -5.3181021e+01  -3.2721217e+01
  -8.0791956e+01  -6.7339723e+00   8.0227718e+01
   2.9355609e+01   2.9112278e+01   1.6613880e+02
   2.3559778e+01   1.0156955e+02  -3.7774664e+01
   8.8568072e+01   7.2977025e+01   1.0252308e+01
  -7.2030431e+01  -8.9756133e+00   2.4686369e+02
   9.0112577e+01   7.3069519e+01  -2.1734855e+02
  -8.1816818e+01   9.3976429e+01  -1.5363528e+02
  -9.6648513e+01   7.3689309e+01  -1.0194296e+02
   3.1072209e+00   9.7989214e+01  -1.7024605e+02
  -3.4899281e+01  -1.6724123e+00  -1.9622956e+01
   9.5806792e+01   2.8747157e+01   5.0525662e+01
   1.1019194e+00   5.1039327e+01   4.6632328e+01
   9.0985589e+01  -8.0492153e+01   1.0703685e+02
  -1.0133223e+02   1.1052351e+02  -2.0072501e+02
   9.1163238e+00  -1.4346833e+02   1.6694689e+02
  -2.4916104e+00  -2.1580952e+01   7.2894590e+01
   1.4420215e+01  -4.5450975e+01   1.6929998e+02
   1.0073152e+02   1.1037371e+01  -1.3558319e+02
   6.2115144e+01   1.9141218e+01   1.5337292e+02
  -4.0244733e+01   1.2345316e+02  -2.1113884e+02
   3.7866688e+01  -3.4583272e+01  -3.1422950e+01
  -4.4977911e+01   1.0919232e+01  -1.6566159e+02
  -6.9783061e+01  -1.1781801e+02   2.7630456e+01
   4.5213129e+00   1.2586018e+02  -8.6900879e+01
   6.1746654e+01   4.0148052e+01  -1.4210577e+02
   1.4218495e+01   3.2226609e+01   2.3434388e+02
   1.2275702e+01  -1.4614377e+02   1.7728670e+02
   8.0697317e+01  -2.6534762e+01  -3.5556299e+01
  -6.2599251e+01  -4.6111994e+00  -2.0474786e+01
   7.2418744e+00  -4.5549789e+01  -1.1001251e+02
  -4.5703677e+01   8.8943768e+00  -2.1480462e+02
  -8.9542132e+01  -2.1839278e+01  -2.0053534e+02
   4.4837815e+01   2.1153806e+01  -6.8804237e+01
  -9.2377230e+00   6.2669747e+01  -1.8252061e+01
  -1.1405182e+01  -8.7900786e+01   4.1399770e+01
   9.0506956e+01  -2.4636320e+01  -1.3525154e+02
  -1.8383914e+01  -2.7147019e+01  -1.7865280e+02
   5.5671659e+01  -3.3260543e+01   7.0669979e+01
  -9.4724292e+01  -2.2470771e+01   7.6381667e+01
  -1.9665866e+01  -2.4307090e+01  -1.5279589e+02
  -3.9489629e+01  -3.7376146e+01   2.3156151e+02
  -2.6813528e+01  -6.0653067e+01  -9.1351806e+01
   6.4653594e+01   6.2011212e+01   1.6807610e+02
  -2.9058792e+01  -1.0225655e+02   4.8237192e+01
  -7.2768024e+01  -8.1475014e+01   8.6841352e+01
  -6.9641812e+01   2.0095368e+01  -2.3031564e+02
  -1.4687434e+00  -1.4372100e+01  -2.1822893e+02
   4.0789091e+01  -1.7948362e+01   2.2178085e+02
   1.4250212e+01  -1.2774148e+02   1.1104929e+02
  -1.0152744e+02   7.0929237e+01  -1.0184852e+02
  -8.3176375e+01   8.0176509e+01  -6.5388926e+01
  -3.2146414e+01  -9.1458524e+01   1.4324922e+02
   5.3079023e+01   8.9931319e+01  -1.1630123e+02
   7.6673406e+01   2.3168562e+01  -1.4075436e+01
   7.0175052e+01   5.9673557e+01  -1.7093581e+02
   1.8783344e+01  -5.7042543e+01  -1.1354388e+02
  -8.7349618e+01   4.3116425e+01  -2.3509024e+02
  -2.2510923e+01  -2.1693087e+00   1.1621685e+02
  -8.9254522e+01   5.4036627e+01  -5.0670733e+01
  -5.4193972e+01  -1.0387281e+02   5.2164370e+01
  -6.2972738e+01  -4.7127386e+01   3.6485958e+01
  -2.7871305e+01   1.5619733e+01  -7.3550570e+00
   3.3837963e+01   3.7260510e+01  -7.9852198e+00
   1.2407464e+01  -1.0581695e+02   5.8860710e+01
  -2.4522269e+01  -1.5339508e+01  -1.6492218e+02
   1.9683161e-01  -4.4440596e+01  -1.9134016e+02
  -2.6472489e+01  -7.4766575e+01   9.4021517e+01
   9.7369672e+01  -6.3703570e+01   8.9289512e+01
   6.6445579e+01   7.8139653e+01   7.4956260e+01
   3.8254377e+01   7.2590537e+01  -7.1417545e+00
   4.4333161e+01  -1.0500384e+01   2.0592925e+02
   9.4455820e+01  -7.5572883e+01   6.8071559e+01
  -1.5719993e+01  -3.6447150e+01  -2.3119801e+02
  -3.4172321e+01  -5.3004225e+01   5.8077282e+01
  -9.5586356e+01   4.8587373e+01   1.1059300e+02
  -5.2111304e+01   9.9649638e+00  -9.9404926e+01
  -2.6922421e+01  -1.4921174e+01   1.5724777e+02
  -1.6796107e+01  -4.4281421e+01  -1.9780022e+02
  -3.1550089e+01  -1.0824328e+02   2.0303764e+02
   3.7576074e+01  -9.7527805e+01   2.4197963e+01
  -7.9127950e+01   9.7197327e+00   1.2444677e+02
  -9.4676985e+01   4.2394917e+00  -1.1085561e+02
   4.7286029e+01   5.4820440e+01   1.8667522e+02
  -7.5490419e+01  -2.0909914e+01   4.8206943e+01
   9.2189590e+01   2.3729307e+01  -1.2455118e+02
  -1.0136589e+02   5.7299529e+01  -1.7640441e+02
   9.0189604e+01   3.3161558e+01   2.0463771e+01
   2.3725538e+01   1.9450618e+01   9.4792939e+01
  -2.7034117e+00   3.2873031e+01  -2.0780555e+02
   8.1127019e+01   1.1808380e+02  -1.9251443e+02
   2.7919949e+01   7.2723903e+01   1.1782019e+02
   2.5233289e+01  -5.8382994e+01  -3.7945252e+01
  -3.4152779e+01  -1.0222065e+00   2.2478963e+02
   2.5640258e+01  -1.7361384e+01  -1.0447877e+02
  -4.0940371e+01   6.7266655e+01  -1.7405848e+02
   2.1916877e+01   7.8230771e+01  -1.8562071e+01
   1.0339281e+02  -8.2400715e+01   2.1456243e+02
   2.9186974e+01   9.9368270e+00   1.6067069e+02
   3.1439508e+01  -6.8086895e+01  -4.1122082e+01
  -1.1182944e+02   1.0040997e+02  -9.6473026e+01
  -4.2729300e+01  -5.0464308e+01   7.0812806e+01
  -3.3960371e+01  -9.5048791e+01   6.6196474e+01
   6.9612039e+01  -8.2839756e+01   2.6526433e+01
  -7.1795693e+01   3.7722098e+01  -1.1805996e+02
  -4.1220735e+01   9.5318037e+01  -6.0173506e+01
  -8.6790982e+01   1.2699297e+02  -2.0164653e+02
   5.8832032e+01   3.0583425e+01   4.0207314e+01
   9.4763022e+00   6.5512140e+01  -5.9042566e+01
   1.5795746e+01   3.1323153e+01  -1.4198908e+02
   1.2126009e+01  -9.4264386e+01   2.4712071e+01
   3.5925481e+01  -1.1013519e+02   7.8108437e+01
  -4.3682151e+01   5.2736337e+00   1.5917560e+02
  -4.3384757e+01   1.8341696e+01  -1.1850307e+02
  -3.1857484e+01   1.4312138e+01  -1.0450671e+02
   6.4338072e+01  -2.1178339e+00   1.3377430e+02
   5.6282327e+01  -5.6210128e+01   4.8274224e+01
   3.0045503e+01   1.0217344e+02  -1.9102498e+02
  -7.2082429e+01   3.2716924e+01  -1.7322283e+02
   3.5163681e+01  -8.1160119e+01   1.5328170e+00
  -9.3665360e-01   4.9144463e+00   2.3673140e+02
  -3.7220615e+00   4.8687411e+01   2.0227242e+02
  -8.3469237e+01  -6.4707836e+01  -1.0236529e+02
  -6.6339332e+01  -1.3988059e+02   1.9439595e+02
  -6.6400003e+01   1.8914406e+01   2.6497034e+01
   6.6906655e+01   1.1729587e+01   5.5148241e+01
  -7.4413138e+01  -6.4817859e+01  -9.9456833e+01
  -5.5763307e+01  -2.4096320e+01  -6.6668572e+01
  -1.7041045e+01  -6.7991632e+01  -5.9790977e+01
   9.4578207e+01  -5.1925334e+01   1.8060282e+02
   8.9364670e+01  -1.3081981e+01  -2.0559384e+02
  -9.1011175e+01   1.7863247e+01  -4.6140504e+00
  -7.6451921e+01   2.9315502e+00   2.0138089e+01
   8.8274467e+01  -4.5940684e+01   2.2554251e+02
  -1.9768467e+01   9.4595543e+01  -8.8066250e+01
  -2.6956288e+00  -3.5180785e+00  -2.0378996e+02
   3.8837247e+01  -3.9670541e+00  -1.2997599e+02
   4.6089171e+01   5.0749323e+01  -1.2900135e+02
   6.7130644e+00   5.0064270e+01  -5.0111967e+01
  -4.0425476e+01   1.1190315e+02  -1.7269872e+02
  -6.8896975e+01  -2.9919033e+01  -4.3508024e+01
  -4.8713987e+01   2.4573677e+01   1.5042124e+02
   5.0452900e+01  -4.3358940e+01   1.0350959e+02
  -6.8019108e+01  -6.8338433e+01  -9.2919891e+01
  -6.7368188e+01   6.1902401e+01  -9.1386598e+01
   4.7757278e-01   5.3245550e+01  -2.3719437e+02
  -5.2038866e+00  -3.5798448e+01   6.0577963e+01
  -3.3716086e+01   9.3602386e+01  -2.9981467e+01
   5.4079906e+01  -9.8202670e+01   1.1454588e+02
  -7.4862595e+01  -4.9929083e+01   2.3676599e+02
  -1.4316343e+01  -4.1547519e+01   1.0225985e+02
  -4.8155681e+01  -7.1917260e+01   7.7104764e+01
  -5.0551192e+01  -1.2661968e+00  -2.1760702e+02
  -2.2535281e+01  -5.9999226e+01  -1.2623825e+02
  -1.6638418e+01   8.1592431e+01  -1.6214556e+02
  -6.2751906e+00   5.5205646e+01  -3.2066747e+01
   2.7014064e+01  -3.9845394e+01  -2.1503524e+02
   2.3812267e+01   8.5016086e+01  -2.2345288e+02
  -4.0590984e+01   3.6575505e+01   1.5322512e+02
  -1.6557073e+01  -3.6096881e+01  -1.1406343e+02
  -7.6989595e+01  -6.5787870e+01  -7.4124725e+01
  -1.9581769e+01  -1.2294514e+02   1.1846340e+02
  -1.4677905e+01   5.6519391e+01  -4.9929910e+01
  -8.7811165e-01   8.4846866e+01  -1.8551967e+02
   6.0556783e+01   1.4726119e+02  -2.0122513e+02
   2.2174714e+00   8.9949821e+01  -1.5428422e+02
  -8.3239071e+01   8.2673671e+01  -3.7675441e+01
   9.2600806e+01  -1.7746522e+01  -2.5821735e+02
  -3.4040428e+01   1.3685332e+01   1.2202586e+02
  -3.2451529e+01  -1.5098002e+01   7.8885653e+01
   6.6939100e+00   7.0434361e+01  -1.5400370e+02
  -6.9504665e+01   6.5033060e+00  -2.2182632e+02
  -9.5279645e+01   1.5685780e+01   2.9709505e+01
   5.9971000e+01  -1.0099568e+01  -8.5181468e+01
  -5.4958034e+01   6.7396643e+00   1.7786213e+02
   4.7224959e+01   5.2916803e+01   2.1723444e+02
   4.1867572e+01  -1.1903971e+02   1.4829118e+02
   3.9561625e+01  -1.1222590e+01  -3.0460607e-01
   3.1995901e+01  -5.4138282e+01   2.0319391e+02
  -8.8138977e+01   4.7119494e+01   3.2101980e+01
   2.1153202e+01  -4.0440069e+01   1.9689937e+02
   6.1067925e+01  -8.6630928e+01   2.1193481e+02
   1.1154626e+02  -6.0400226e+01  -5.0294218e+00
  -5.0704613e+01   1.1901546e+02  -2.0303762e+02
   6.1898926e+01  -1.3205941e+02   1.8073899e+02
   3.5825111e+01  -1.9371157e+01   2.3355361e+02
   1.0622735e+01   6.5455066e+01   3.5765074e+01
   6.2886694e+01  -3.7107093e+01   1.1021339e+02
  -5.1199522e+00   8.1168256e+00  -6.6603060e+01
   3.4697273e+01   2.8636593e+01   2.4283212e+02
  -3.0903483e+01  -1.0436344e+02   8.5582527e+01
   6.1386344e+01   1.0151246e+02  -2.0238971e+02
  -4.2194222e+01   3.4824949e+01   1.1145816e+02
  -1.1146974e+01   2.6767111e+01   3.7689721e+01
  -4.6675160e+01   3.3426423e+00  -1.0167335e+02
   7.7993328e+01   3.8688370e+01  -1.1122947e+02
   2.1716978e+01  -6.2517905e+01   2.2335190e+02
  -2.9445499e+01   3.7375959e+01   1.5349620e+02
  -5.5780520e+01  -7.1547430e+01   1.0480916e+02
   5.5969466e+01   1.1276228e+02  -1.1169594e+02
   1.1169155e+02  -7.5608166e+01   1.7045849e+01
  -9.0053638e+00   6.8666241e+01  -1.1209444e+02
   5.1558741e+00  -1.2293730e+01   2.1166119e+02
  -8.5494688e+01  -4.7495736e+01  -5.9711833e+01
  -5.1199103e+01  -6.4740833e+01   2.1415704e+02
  -5.5365685e+01   3.2746504e+01  -2.2201488e+02
   6.8537174e+01   6.6644570e+01  -8.9968330e+01
   1.1219878e+02  -6.5271554e+01   2.1105544e+02
  -4.4331340e+01   6.2591964e+01   4.1994517e+01
  -7.7713294e+01  -4.6697136e+01   3.5026380e+01
  -6.3343475e+01  -7.6461901e+01   5.2585627e+01
   5.1983206e+01  -4.6580218e+00   1.5516425e+02
  -7.3928008e+01   3.5298249e+01  -1.5430660e+02
  -4.8040227e+01   5.5197166e+01  -1.4538594e+02
  -7.1006291e+01  -3.6757438e+01  -2.3386975e+02
  -4.6092514e+01  -1.6052081e+02   2.1105071e+02
  -4.5291030e+01  -5.2208871e+01   1.9580783e+02
   2.5925538e+01  -5.2352064e+01   1.1894227e+02
   5.4607338e+01  -1.0999464e+02   1.4219146e+02
  -4.3330946e+01  -7.6143365e+01  -1.2870589e+02
  -8.5489431e+01  -5.5543997e+01  -1.2563631e+01
   7.3936250e+01  -8.8955869e+01   2.1456965e+02
   8.0036382e+01  -3.2966649e+01  -1.0165595e+02
   2.9295644e+01  -4.3207385e+01   1.6410854e+02
  -2.9415026e+01  -1.4644270e+00  -2.7788124e+01
  -8.0152628e+01  -7.0626217e+01   2.3919646e+02
  -2.6786943e+00  -8.8387025e+01   4.5509234e+01
  -1.1560353e+01   1.2717424e+02  -1.3663039e+02
  -3.1550629e+01  -3.2423479e+01   1.3163967e+02
   1.0072262e+02  -7.4481802e+01   9.9422650e+01
   8.1026544e+01   7.6729875e+00   2.4351291e+02
  -1.0360623e+02   4.3703209e+01   1.3066840e+01
  -7.6089859e+01  -4.7419655e+01  -1.5938224e+00
   9.2635425e+01   5.9791290e+01  -7.2813937e+01
  -1.8102794e+01  -3.1089483e+01  -1.5509995e+02
  -7.8055060e+01  -3.9219855e+01  -3.4799412e+01
   4.5111336e+01  -9.4555721e+01   1.4030980e+02
  -2.9424558e+00   6.3884962e+01   8.6902080e+01
  -2.7348008e-01  -3.1991675e+01  -1.3712687e+02
   2.5674188e+00   3.1019491e+01   1.6620999e+02
   6.9148844e+01   5.8968916e+01  -9.8975659e+01
  -3.5869693e+01  -3.8086288e+01  -7.4126006e+00
   4.6523856e+01   6.2407251e+00  -2.4976468e+02
  -9.8931432e+00   6.7492174e+01  -2.3196946e+02
  -5.4804512e+01   4.1997389e+01   1.4393542e+02
   3.9493838e+01   7.9729407e+01   3.1967994e+01
  -1.1914286e+00   1.4928084e+02  -2.1025338e+02
  -3.0057787e+01  -1.5099150e+01   1.2760046e+02
  -7.8466712e+01  -1.3883695e+01  -8.5431044e+01
   7.8775847e+01  -5.9060034e+01  -1.1074972e+02
   3.6268789e+01   5.0666502e+01   6.8140987e+01
   4.1144220e+01  -4.9011601e+01  -3.7584759e+01
  -7.1122547e+01   3.1597978e+01  -8.7137786e+01
  -7.7222755e+01  -8.6346676e+01   1.7215977e+02
   7.1811988e+01  -3.6857872e+01   1.5732910e+02
   4.5736672e-02   1.3354803e+02  -1.5226410e+02
   1.1242736e+00  -5.1802470e+01   8.2949429e+01
   6.7929237e+01   3.2861058e+01   2.0657277e+02
  -7.8565383e+01   5.8450202e+01  -1.4155577e+02
  -1.0437087e+00  -1.1219984e+01  -1.4283048e+02
  -6.3385596e+00  -4.8988507e+01  -1.7598551e+02
  -4.4016015e+01   3.4088791e+01   2.1605588e+02
   7.1949346e+01  -9.0645149e+01   7.8652494e+01
  -7.2777607e+01   4.5002333e+01   1.3609809e+02
  -4.1857897e+00  -4.7732637e+01   1.5555955e+02
  -4.5896023e+01   5.0142804e+01   4.8058182e+01
   1.0501704e+02  -2.7428918e+01   1.0819898e+02
  -8.8329952e+01  -4.7744382e+01   1.0484484e+02
  -4.2801809e+01  -1.2108612e+02   1.0860791e+02
  -9.3346274e+01   5.3469122e+01   5.5617081e+01
   2.2681087e+00  -6.5865587e+01   8.1111421e+01
   2.8594385e+01   3.7507406e+01   1.6606423e+02
   5.3429748e+01  -3.9856443e-01  -2.3756073e+02
  -5.0117082e+01   3.2546960e+01  -1.7567057e+02
   9.1077443e+01   6.6598413e+01  -1.4555548e+02
  -6.4383863e+01  -6.2867256e+01  -1.2290197e+02
   5.5632768e+01  -8.6120117e+01   1.3239744e+02
   2.4028181e+01   1.1617898e+02  -2.1102412e+02
   5.1082279e+01   1.1341013e+02  -6.3251875e+01
  -3.3360026e+00  -8.4758313e+00  -1.8471011e+02
   4.4074843e+01  -1.0317573e+02   3.7649660e+01
   4.1225743e+01   1.3067444e+02  -1.7552508e+02
  -5.1974922e+01  -5.5565864e+01   8.0708272e+01
   2.4763283e+00  -7.3013154e+01  -1.1592455e+02
  -3.8274664e+01   9.0623100e+01  -1.4796494e+02
   5.4271049e+01  -4.6425233e+01  -1.5156421e+02
   1.0087949e+02  -2.1269672e+01  -2.0116362e+02
   8.8788108e-01  -1.0567776e+02   6.3035945e+01
  -9.1692485e+01   1.8999936e+01  -2.3068077e+02
   6.7448714e+01   1.1452641e+02  -7.3294750e+00
   1.1929673e+01   4.9753964e+01  -1.1448138e+02
   3.9491055e+01  -4.7124482e+00   1.0876900e+02
   1.9935947e+00  -1.2762863e+02   1.0859490e+02
  -7.7909655e+01   1.7452151e+01  -1.5826169e+02
  -3.5881534e+01   8.0334271e+01   5.7751329e+01
  -3.9071138e+01   1.4842091e+01   8.4057923e+01
  -5.6366895e+01   2.1092847e+01  -8.2698481e+01
  -1.9621499e+01  -5.2241903e+01   1.0688436e+02
   6.0148337e+01  -2.2977801e+01  -1.2802148e+02
   2.2292226e+01   9.4234233e+01  -1.5253933e+02
   3.1287283e+01  -2.4462236e+01   1.6303933e+02
  -5.7801062e+01  -2.4798387e+01   1.6307494e+02
   3.5869362e+01  -8.8957633e+00   1.2191283e+01
   5.0785515e+01  -4.9283965e+01  -1.6716920e+02
  -9.3253226e+01   2.8868392e+01  -2.5093854e+01
  -5.8583673e+01  -2.5270740e+01  -2.1940897e+02
   9.8466565e+00  -1.1315067e+02   2.2876984e+02
  -5.1982825e+01  -1.0371060e+02   6.2143488e+01
   4.6970016e+01  -5.6386027e+01   6.0370060e+01
   6.4723020e+01   5.5431448e+01   7.5477978e+01
   3.0329729e+00  -1.2341060e+01   2.5783970e+02
  -7.6826897e+01  -2.2518357e+01   1.5663638e+02
  -4.1253250e+01   8.2110838e+01  -1.9370903e+02
   3.6793715e+00   1.2033973e+02  -1.9112180e+02
  -8.6685994e+01  -1.0713895e+01  -1.1491283e+02
  -8.3156831e+01   7.4993146e+01  -2.0827657e+02
  -3.6925455e+01  -1.2791882e+02   1.8257735e+02
  -6.0212701e+00  -9.2207235e+00  -1.6684268e+02
  -6.1658403e+00   2.8662568e+01   1.8373397e+02
  -5.0309443e+01  -1.0342534e+02   4.7923607e+01
   1.1578021e+01  -2.2117775e+00  -2.1991997e+02
   5.7046850e+01   1.0532669e+02  -1.8487778e+02
  -5.7725782e+01  -8.4945289e+01   7.8351924e+01
  -1.8749041e+01   5.4090296e+01  -2.3473478e+02
  -3.6485982e+01  -5.6816813e+01   1.0461344e+02
   1.0939882e+02  -9.0301917e+01   1.2802436e+02
   5.3089809e+01   5.3960602e+01  -1.9923943e+02
   5.1212276e+01  -7.9435074e+01   4.0939416e+01
  -8.6380895e+01  -3.4114370e+01   1.9036628e+01
   1.2877489e+01   1.4763956e+02  -2.1275783e+02
   6.9966326e+00   1.2099458e+02  -8.7595405e+01
  -4.9027008e+01   1.8184436e+01   2.0422822e+02
  -7.1479032e+01   4.3307307e+01  -2.2602192e+02
  -4.9638104e+01  -2.3065644e+01  -1.9843245e+02
   3.9094865e+01  -5.9741854e+01   1.7594715e+02
  -7.6540025e+01  -4.7737341e+01   2.3592353e+02
   1.9661229e+01  -6.2670009e+01   4.5799217e+01
   9.6798866e+01  -3.1560129e+00  -2.1029439e+02
   6.4346885e+01  -1.1972179e+02   2.1217655e+02
   3.6543081e+01   5.1124827e+01  -2.2186227e+02
  -3.7512055e+01  -5.5340910e+00   1.9976774e+02
  -8.2601385e+01  -8.8529901e+01   4.2259747e+01
  -6.8856658e+01   2.7633503e+00  -6.9995660e+01
   8.8330864e+01   3.1755680e+01   2.3849486e+02
   7.4825262e+01   1.0277836e+01  -9.5573987e+01
   1.6498283e+01   9.3878205e+01  -4.0135609e+01
   3.9926840e+01  -9.8292452e+01   1.2441153e+02
  -5.9804134e+01   7.9803651e+01  -2.5727545e+00
  -3.8742645e+01  -5.0968562e+01  -3.6992916e+01
   7.4606852e+01   3.7766038e+01  -2.6628565e+00
  -8.1825890e+01  -9.9549778e+01   1.2643353e+02
  -8.6680427e+01  -3.3770411e+01  -9.0855470e+01
   2.7016280e+01   1.0639747e+01  -1.0942430e+02
  -6.5368249e+01   9.9166332e+01  -2.1091508e+02
  -8.7722047e+01  -6.8247411e+01  -1.7998337e+02
  -7.9267693e+01  -4.9973129e+01   8.1023343e+00
  -9.6762884e+01   1.1584075e+01  -2.0123388e+02
  -3.3184910e+01  -4.9168181e+01   6.7689542e+01
   1.7514656e+01  -4.4274279e+01   1.2878074e+02
   4.9553106e+01   1.0325782e+01  -1.6751777e+02
  -1.0461675e+02   9.4250377e+01  -1.6244603e+02
   8.4699456e+00   3.4284302e+01   2.5679143e+02
  -3.6334293e+01   7.6981550e+00  -2.4525777e+01
   5.0866277e+01   6.0178594e+01   7.8530794e+01
   8.7756850e+01  -2.1829529e+01  -2.4264275e+02
   6.1788537e+01   6.4495378e+01   1.2187425e+02
   9.8838950e+01   7.4392018e+00   4.9274440e+01
  -3.1173721e+01  -9.0235928e+01   2.2043648e+02
   2.5518851e+01  -2.3497664e+01   8.1037927e+01
  -8.6851192e+01  -6.1084019e+01  -1.0786859e+02
  -7.0153372e+01   6.7387657e+01  -1.1738258e+02
  -2.5874537e+01  -8.1306724e+01   2.1833822e+00
   9.8801646e+01   5.7314590e+00  -1.8136734e+02
   1.0994484e+02  -9.0664989e+01   1.9513552e+02
   5.5888173e+01   1.3702596e+02  -2.0478226e+02
  -6.4040561e+01  -1.7281190e+01   9.5514638e+01
   6.0746521e+01   1.6128399e+02  -1.8380249e+02
  -7.4961498e+01   4.1137890e+01  -6.6786373e+01
   1.4206292e+00   7.9586685e+01  -2.2883205e+02
   9.7817711e+01   2.0840587e+01   5.8858302e+01
  -3.7120158e+01  -8.0402951e+00   2.0590245e+01
   4.5131183e+01   6.2999153e+01   2.3702297e+01
  -8.2246301e+01   3.0894424e+01  -7.6237397e+01
   7.5580479e+01   7.7292281e+01   1.2925532e+02
  -8.9266161e+01  -4.2362315e+01  -5.1155384e+01
  -6.1681845e+01  -7.0337420e+01  -1.7177662e+02
  -5.4386479e+01   6.6291064e+01  -1.8899396e+02
   6.6241055e+01   5.7166941e+00   7.1872698e+01
   7.7594399e+01  -5.0519894e+01   1.8651053e+01
  -5.8330403e+01   2.9049579e+01  -1.7133881e+02
   3.1238949e+01  -1.2878392e+01   2.2371169e+02
   5.8102066e+01   7.7668175e+01  -2.2840159e+01
   9.3247803e+01   5.4505517e+01  -1.3994138e+02
   3.5243898e+01   1.2112707e+01  -7.2422083e+01
  -8.2974722e+01   2.6663313e+01  -1.7780126e+02
  -9.1554891e+01  -3.0368956e+01  -2.8937158e+01
   7.7728759e+01   1.2160134e+02  -1.2712199e+02
   6.9360717e+01   5.6897140e+01   2.0441852e+02
   3.1812288e+01   1.1544263e+02  -1.7775419e+02
   6.8261466e+01  -1.1866513e+02   2.2960607e+02
   3.8555058e+01   1.4190398e+02  -2.0322976e+02
   7.3152184e+01   9.4833068e+00  -2.2773794e+02
   4.3171453e+01   4.7004765e+01  -5.4979659e+00
   7.3398070e+01  -2.2782010e+01   1.2961003e+02
   8.5503923e+01   6.7077348e+01  -1.5639545e+02
   5.4918655e+01   5.0436320e+01  -1.1428122e+02
  -7.7222865e+01  -9.7489634e+00   2.8971976e+01
  -5.3710135e+01  -3.2933989e+01  -2.5461636e+02
  -6.6738317e+01   2.2432359e+00   1.2917486e+02
  -2.2755243e+01   5.1095052e+01  -7.0736444e+01
   5.4060468e+01   4.0316992e+01   1.1203340e+02
   9.1041628e+01   5.0107354e+01   1.8177984e+02
   9.2101192e+01  -1.0377174e+02   2.0172848e+02
   7.5732892e+01   1.1897363e+02  -1.3433623e+02
  -5.4630763e+01  -1.3767632e+02   1.9741352e+02
   5.8686429e+01   2.9511139e+01  -1.2269903e+02
   6.6489024e+01  -5.6807508e+01  -9.1412018e+01
  -3.0977277e+01  -2.3343817e+01  -2.4687665e+02
  -3.0963968e+01  -3.7746769e-01  -1.6830498e+02
  -5.7447376e+01   6.0359170e+01  -2.0504050e+02
  -3.2554347e+01  -3.9815984e+01  -1.6697699e+02
  -7.7193548e+01  -3.8361761e+01  -1.1119344e+02
  -4.7061304e+01   8.7891763e+01  -2.0045623e+02
   6.3964129e+01   1.0474470e+02  -5.8869011e+01
  -9.9777018e+01   1.0378842e+02  -1.5787585e+02
   6.0504892e+01  -5.6919270e+01  -3.7822055e+01
   7.0280734e+00  -9.7583202e+01   1.4930890e+02
   1.7152823e+01   2.0348270e+01   3.4614178e+01
  -4.4565188e+01   7.2944654e+01  -3.9451914e+01
  -5.6982948e+01  -7.9262469e+01   2.4382018e+02
  -9.3958166e+01   1.8862249e+01   3.2722954e+01
   7.7215268e-01  -1.2841210e+02   1.2485810e+02
   1.0598206e+02  -5.2696130e+01  -3.1325548e+01
   7.5157562e+01  -3.3115324e+01  -1.3125886e+02
  -4.8473245e+01  -5.9156047e+00  -2.1006903e+02
  -6.2518733e+01   4.7563823e+01  -2.0912343e+02
  -6.6601255e+01   4.7662537e+01   1.3008840e+02
  -2.5048499e+01  -2.0174838e+01   4.9544576e+01
   1.1239364e+01  -7.8336256e+01   1.7129264e+02
   2.7610361e+01   4.4170250e+01  -3.5664352e+01
  -2.1490184e+00  -1.0183032e+02   5.3642408e+01
  -1.1233292e+01   1.0482894e+02  -1.3479174e+02
  -6.1737559e+00  -4.6693422e+01   5.1364726e+01
  -3.8857276e+01  -6.1473347e+01   1.6024179e+02
   4.9612370e+01   6.2310535e+01  -1.0228125e+02
   5.1654508e+00   1.0971610e+02  -1.2540349e+02
   5.1990671e+01   6.3113170e+01  -9.6081415e+00
   6.3102037e+01  -5.3489598e+01  -4.3131246e+01
  -7.4920516e+01   1.0113887e+02  -7.1541220e+01
   1.7923931e+01  -7.0968588e+00   1.9725333e+02
  -6.0856639e+01  -4.5540019e+00  -9.3417157e+01
  -7.2701742e+01  -1.9187021e+01  -2.4827966e+02
  -7.9526914e+00  -8.6572120e+01  -3.4008830e+01
   1.0721838e+02  -5.4928983e+01   2.9739572e+00
   1.0267593e+02  -8.1485638e+01   2.2284823e+02
  -3.5625165e+01   8.0092246e+01  -2.0524701e+02
   3.7081578e+01   6.7756441e+00  -1.9613404e+01
  -2.9881048e+01   5.0912530e+01  -1.0207957e+02
  -5.8456204e+01  -5.5793799e+01  -1.3260808e+02
   7.7546325e+01   1.7210347e+00   9.6632687e+01
  -7.9149507e+00   7.2385762e+01  -2.2236094e+02
   4.5535124e+01  -2.5140824e+01  -4.8992756e+01
  -1.1278998e+00   8.8551083e+01  -4.9521440e+01
   3.6475762e+01   6.4710156e+00   8.2150870e+01
  -5.2806290e+01  -1.1788212e+02   2.2808631e+02
   4.8149266e+01  -6.0709176e+01   2.3889008e+02
   8.7080189e-01  -7.5991015e+01   4.8472264e+01
   1.7457564e+01   7.6021426e+01  -2.2875877e+02
  -1.5986994e+01   5.2399121e+01   1.7754414e+02
  -5.0885179e+01  -8.8221136e+01  -2.0224869e+01
   6.0466300e+01   1.4172454e+02  -1.3318874e+02
   4.7203867e+01   7.7817869e+01  -1.9543633e+02
  -3.2051102e+01   8.5051222e+01  -8.1627723e+01
   2.9853163e+01  -4.1128828e+01   2.4212259e+01
   6.9810133e+01   6.3917915e+01  -1.1157959e+02
  -9.1642845e+00   1.5004047e+01  -3.3970632e+01
   3.6676892e+01   5.3410829e+01   1.1456507e+02
   2.0577524e+01  -2.6057403e+01   2.5322554e+02
   8.1275641e+01  -7.6512629e+01   2.3933684e+02
   1.0583775e+02  -1.0497882e+02   2.1648127e+02
   7.6888018e+01   1.7163359e+01  -1.2043404e+02
  -3.7030296e+00  -1.3886607e+02   1.4347592e+02
   8.4617272e+01   4.7771651e+01   2.2480290e+02
  -7.1812842e+01   2.2800347e+01   1.2248942e+02
  -3.9960177e+00  -6.2275694e+01   1.0703357e+02
   1.3423771e+01  -4.8289004e+01   5.9232889e+01
   6.4937513e+00  -3.8179571e+01   1.7239792e+02
   6.5386113e+01  -8.6854563e+00  -1.5745467e+02
   3.2921249e+00  -6.0499326e+00   2.0353202e+02
  -6.7597279e+00   2.4363744e+01  -2.3401948e+02
   7.7505417e+01   1.5274440e+02  -1.9448451e+02
   7.8259444e+01  -6.8575624e+00  -1.0219304e+02
   7.3896602e+01  -4.6400291e+01  -1.1614658e+02
  -5.7872486e+01  -2.1784073e+01  -1.3178631e+02
   3.4968448e+01   4.1547475e+01   6.4544377e+01
  -3.3876922e+01  -4.9836590e+01  -1.9965117e+02
  -2.0296638e+01   6.9439550e+01   4.2153180e+01
  -5.9751550e+01   3.2481854e+01  -6.2674126e+01
   5.6691160e+01   4.3807208e+01  -8.2955255e+01
   4.5320284e+01   1.7020594e+01  -2.6550122e+01
   5.6034324e+01   3.1220885e+01   8.5777847e+01
  -9.7699438e+01   1.1194083e+02  -2.1806160e+02
  -6.4118685e+01  -1.6918745e+02   2.1699702e+02
   9.7658807e+01  -7.6113791e+01   1.2733048e+02
   8.0584920e+01   4.6856565e+01  -5.7944824e+01
   8.4466216e+01   5.8302227e+01   1.2470537e+02
   1.8464850e+01  -9.9028567e+01   9.8703718e+01
   1.0114222e+02  -5.5672170e+00   9.2650496e+01
   7.9301256e+01   1.2505547e+02  -1.7991249e+02
   4.4478704e+01   6.0796635e+01  -1.7309803e+02
   5.9256055e+01   4.6186973e+01   1.6289356e+02
  -8.2309304e+00  -5.8181873e+01   2.4380216e+02
   1.2655914e+01   9.0698570e+01  -1.9161489e+02
  -9.2999022e+01  -4.2899352e+01  -2.0714856e+01
   1.2503349e+01   7.6414659e+01  -5.9087248e+01
  -3.5726331e+01  -7.8275472e+01   1.2605228e+01
  -8.4893439e+00   4.2283033e+01   1.3635298e+02
   2.7604244e+01   4.7789911e+01   1.5019017e+02
   4.7756795e+01   1.5718660e+01   2.5173290e+02
  -1.8088231e+01   6.7803052e+01  -8.0089124e+01
   6.0207272e+01  -1.2399819e+02   1.8708089e+02
   2.4321421e+01   2.4018754e+01  -1.7018987e+02
   2.2601580e+01  -2.5260869e+01  -2.5839369e+01
   1.7275596e+01  -1.1218455e+02   3.4717166e+01
   1.6665523e+01  -4.5436053e+01  -1.0460049e+02
  -2.8728736e+01  -2.4154810e+01   9.6198585e+01
   8.2365279e+01   1.0706932e+01  -1.4296981e+02
   4.3041437e+01  -1.2094169e+02   1.3714212e+02
   9.2700233e+01  -1.0526402e+02   2.0097269e+02
   5.1000347e+01   7.1656903e+01  -9.8821660e+01
  -5.3193632e-01   3.0666116e+01  -1.2010210e+02
   6.2396134e+01   4.6445408e+01  -1.8383495e+01
   4.3930115e+01  -7.5138350e+01   7.4492319e+01
  -7.5511482e+01  -3.3853669e+01  -8.0014983e-01
   3.3635044e+00   5.5154004e+01   6.9934147e+01
  -6.6305678e+01   2.1726013e+01  -2.3734255e+02
  -7.3507745e+01  -2.1116291e+01  -7.9756560e+01
  -4.1262147e+01   5.4644031e+01  -2.1701490e+02
   9.1621167e+01   1.2823707e+01   5.1650032e+01
  -2.2039070e+01   1.4057815e+01   1.2456002e+02
  -6.6460891e+01   1.1851524e+02  -2.1285567e+02
  -2.8589873e+01  -1.1405348e+02   1.1987400e+02
   6.7259053e+01   8.8223557e+00  -3.5828214e+00
  -4.8927934e+01  -5.7504171e+01  -1.3178461e+00
   8.7480482e+01   5.1341909e+01   1.7069302e+02
   4.1747871e+01  -5.3239862e+01   2.3379678e+02
  -2.4248995e+01  -4.4682980e+00  -4.0017893e+01
   8.1214228e+01  -2.7489739e+01  -1.1724759e+02
   3.9640553e+01  -3.6781446e+01  -7.1431848e+01
   4.1639634e+01   5.8924643e+01   1.7240112e+02
   4.1854114e+01   1.1814060e+02  -1.5215102e+02
   3.9358489e+01  -1.4576604e+02   1.9042446e+02
   2.1380113e+01   5.5514873e+01  -1.6177779e+02
  -9.1489384e+01   1.2606966e+02  -1.5506914e+02
   7.5420719e+01  -8.0760709e+01   9.7938093e+01
   2.8082975e+01   3.6513558e+01   6.0452130e+01
   4.4168254e+01  -5.9224450e+01  -3.0957206e+01
  -9.2036049e+01   3.3358273e+01   1.2045567e+02
  -7.1563577e+00  -5.5297493e+01  -4.4543516e+01
   2.2558813e+01  -5.7862046e+01  -9.9163846e+00
  -6.9651264e+00   3.0574213e+01   4.3864095e+01
   4.5595326e+01   5.9559997e+01  -1.4499707e+02
  -2.9452243e+01  -1.3073334e+02   1.0370097e+02
   8.3520949e+00   3.3063886e+01  -2.1207735e+02
  -5.3789646e+01   9.6967823e+00   1.4287043e+02
   2.7219823e+01   6.2558360e+01  -4.5766358e+01
   1.8514965e+01   1.4588125e+02  -1.5685543e+02
   3.7517574e+01   4.2477817e+01   1.4751190e+02
  -6.6228870e+01  -1.2853304e+02   2.0764513e+02
   1.1256145e+02  -7.8434318e+01   2.0294931e+01
  -9.9689734e+01   1.1123481e+02  -1.6003386e+02
  -4.1553270e+01   3.9018965e+01   1.0390391e+02
  -9.6976305e+01  -3.5832077e+00  -1.1669920e+02
   4.6506244e+01  -5.8503847e+01   7.4401553e+01
   5.3327744e+01   1.4827912e+01  -2.0935095e+02
   1.7409067e+01   4.8205255e+01  -1.0534073e+02
  -6.4469812e+01   4.9518285e+01   1.0036307e+02
  -6.4239331e+01  -7.4112271e+01  -1.1951454e+02
   4.9050321e+01   4.6763628e+01  -3.8613317e+01
  -2.2100933e+01  -3.1345516e+01   4.7606606e+01
  -7.1330755e+01  -3.3813248e+01   2.5509712e+00
   8.4955120e+01  -8.6946480e+01   7.0327614e+01
   9.2310674e+01   1.4992170e+01   5.8503813e+01
  -3.5294384e+01   7.2469700e+01  -1.3668522e+02
  -4.2522852e+01  -1.4749091e+01   7.3279054e+01
  -3.7593774e+01  -3.2988534e+01   9.7770947e+01
  -7.4471971e+01   2.6509076e+01   2.6388934e+02
   3.2400925e+01   8.6831658e+01  -1.8653419e+02
   5.9059662e+01   6.1286382e+00  -1.9040931e+00
   8.0624907e+01   5.9836355e+01   3.6533107e+01
   8.6529475e+01  -7.1641394e+01   7.2174868e+01
  -7.2899597e+01   5.6191903e+01   8.9830358e+01
   4.7318656e+01  -3.3591509e+01   8.9993788e+01
   3.8419129e+01   2.6210718e+01   2.2115115e+02
   1.1618396e+01   4.4212430e+01  -8.8502388e+01
  -1.2471959e+01   5.6490723e+01   1.7057603e+02
   5.7960737e+01  -3.2496613e+01   1.1059404e+02
  -1.1886028e+01  -4.2369848e+01  -2.3137033e+00
  -1.1023804e+02   1.2463260e+02  -1.9426505e+02
   8.5193352e+01  -2.8637016e+01   3.3552316e+01
  -7.2077609e+00   4.7404729e+01  -2.9771225e+01
  -5.7769407e+01   2.9289365e+01   1.0437231e+02
   6.7153868e+01  -4.5969669e+01   2.1700366e+02
  -4.5197472e+01  -5.6873922e+01  -3.4711721e+01
  -6.8413832e+01  -4.7554650e+01   2.2754529e+02
  -8.0626389e+01  -8.1603210e+01   1.2016852e+02
  -2.9869771e+01   2.3666796e+01  -1.3995092e+02
  -6.2993259e+00  -1.5267044e+01  -1.2157488e+02
  -1.0068988e+02   8.4595853e+01  -5.7025754e+01
  -5.9020301e+01  -2.7945386e+01   1.6711573e+02
  -6.5864771e+01  -1.4613421e+02   1.2023457e+02
   8.2426658e+01  -1.7891967e+01   1.8588607e+02
   8.0105138e+00  -1.3005667e+01  -6.5689145e+01
  -2.8516669e+01  -5.6505733e+01  -1.9660643e+02
   2.5992635e+01   1.4200248e+02  -1.8484167e+02
   2.8425941e+01   4.1381439e+01  -1.1557675e+02
  -6.8411419e+01   8.8512746e+01   7.8957593e+00
  -4.2431349e+01   7.1342360e+01  -1.0061787e+02
  -6.6783611e+00   7.8547876e+01  -3.6074375e+01
  -4.7641822e+01  -7.0613664e+01   4.3902170e+01
   2.0870164e+01   2.8510573e+01  -2.2179661e+02
  -1.3753321e+01   3.5849000e+01   4.9767238e+01
   5.0174689e+01  -9.1715039e+00   1.2581499e+02
   3.0611385e+00  -4.6527225e+01  -1.9782643e+02
  -3.1769676e+00  -6.7284773e+01   1.9943386e+02
   2.5913366e+01  -9.1594625e+01   1.2837162e+02
   5.1308719e+01  -2.7330339e+01   8.8216360e+01
