   3.4621515e-02  -1.3089024e+00   2.2420627e+00
   3.7212482e-01   5.9800598e-01   5.4897490e-01
   1.3333984e+00   6.0790867e-02   2.7045101e-01
  -1.1729374e+00   4.6288384e-01  -2.1808106e+00
  -7.5085477e-02   1.0727839e+00  -6.2637537e-01
  -1.9207845e-01   9.7331304e-03   1.7489771e+00
   5.8315723e-01  -8.1011612e-01   1.5131387e+00
   8.4796797e-01  -5.6292609e-01  -5.7529836e-03
  -2.0927230e-01   3.6316600e-01   1.4328600e+00
  -6.2197050e-02   1.9785434e-01  -1.6757835e+00
  -6.9275053e-01   7.8390283e-02   1.3263851e+00
  -4.4535970e-01   1.0920272e+00   2.7035917e-01
   1.3676943e+00  -3.9296170e-01   1.6012234e+00
  -4.5496655e-01   3.1630993e-01  -1.8492393e+00
  -8.0183900e-01   7.6626361e-01  -7.0875498e-01
  -6.3904374e-01   1.2928233e+00  -9.8947184e-01
  -1.0455262e-02   1.6184347e-01   6.4976563e-01
   4.3090469e-01   3.9433851e-01   2.3783907e+00
   8.1685869e-01   6.6750464e-01  -2.3957814e+00
  -7.1082273e-02  -7.6240385e-01   1.8070174e+00
   7.1644064e-01   8.7304130e-01  -1.9100947e+00
   7.9427855e-01   9.1191667e-01  -2.1433128e+00
  -1.0996015e-01  -5.3742850e-01   2.2061122e+00
   3.6845211e-01  -7.2674481e-01   1.0909449e+00
   6.0289790e-01   2.2204791e-01   1.0176456e+00
   8.4625697e-01  -1.0053739e+00   1.5133547e+00
   4.0927193e-02  -4.4851856e-01  -1.5837283e+00
  -2.0828355e-01  -9.0199758e-01   1.9704633e+00
  -3.1237994e-01  -1.1248539e-01   2.1207786e+00
  -2.3791630e-01  -9.8754028e-01   2.0367548e+00
   8.0891246e-01  -1.5846212e+00   1.8885372e+00
  -3.8830684e-02   7.8651635e-01  -1.9963962e+00
  -9.3617089e-01   6.0694686e-01  -1.0419112e+00
   3.0624294e-01   9.4843287e-01  -5.1831292e-01
  -9.8552652e-01  -1.3433108e-01  -1.0528759e+00
   7.7252894e-01   9.8924717e-02   1.4240272e+00
  -6.9771198e-01  -6.2537496e-03  -8.0010070e-01
   1.0856723e+00  -2.3563077e-01   5.8950912e-01
   1.8767921e-02  -5.0543335e-01   1.8725873e+00
  -4.0163665e-01   3.5468398e-01  -1.3247134e+00
  -5.9810618e-01  -1.4127638e-01   1.1762621e+00
   1.2690743e-01   7.7723179e-01   1.6007107e-01
   2.8906435e-02  -1.0368155e+00  -9.6105213e-01
   2.8484861e-01   5.7796603e-01  -1.3566550e-04
   9.1380479e-02   8.5762838e-01  -1.9506734e+00
   3.4135943e-01   5.2935516e-01   2.6228278e-01
  -6.7630224e-02   7.8511204e-01  -1.1817846e+00
  -1.1665705e-01   2.1595917e-01  -1.1932816e+00
  -8.8181382e-01   4.4808663e-01  -2.1339358e+00
  -1.6008376e+00   2.9361688e-01  -2.0857031e+00
  -8.3238571e-01   2.6497481e-01  -1.1504500e-03
   4.9421139e-01  -4.7532496e-01   2.9226704e-01
  -4.8423889e-01  -7.0929415e-01  -1.2417072e+00
   6.2152835e-01   5.4712825e-01  -1.7833850e+00
  -2.3552851e-01   1.0220380e+00  -6.6425445e-01
   3.5088077e-01  -3.4307359e-01  -1.7999323e+00
   1.0434170e+00   4.8288730e-03   1.4248052e+00
  -1.4899642e+00   8.3398767e-02  -1.6253363e+00
  -5.1368292e-02   1.3421569e+00  -8.7828759e-01
   1.5957445e+00  -3.6443931e-01   2.0028033e+00
   9.6792884e-03  -2.1130017e-01   2.5303167e+00
  -5.7621584e-01  -4.3022365e-01   1.1863763e+00
   3.5911747e-02  -2.9655837e-01  -1.1739892e-01
   6.0518301e-01  -7.5053908e-01   2.0296460e+00
   7.4659637e-02  -5.2041675e-01  -1.6207534e+00
  -5.3173228e-01   1.6136168e-01   1.5880776e+00
   4.5019378e-01  -6.8349240e-01  -2.3673906e-01
  -1.1698337e-02  -5.8891950e-01   1.8707421e+00
   4.7353802e-01   4.2389680e-01   6.4941873e-01
  -7.3717354e-01   1.0122826e+00  -7.5235730e-01
  -1.1240148e-01  -7.1912474e-01  -6.4776371e-01
   7.4148437e-02   9.2480700e-01   1.2245463e+00
  -1.3440044e-01  -8.9464879e-01   1.4458977e-02
   7.6633284e-02  -8.5636445e-01   1.8688967e+00
  -3.7357885e-01   9.0617091e-01   2.3929600e-01
   6.2372855e-01  -5.1999193e-01   5.6931181e-01
   1.3360755e-01  -2.9272338e-01  -1.9945891e+00
   2.3381380e-01   2.1322442e-01  -1.8507628e-02
   1.0619579e+00   2.1530896e-01   1.1716657e-01
  -3.0988991e-01  -1.8100089e-01   2.9634299e-01
   8.5931522e-01  -4.0288521e-01   1.1704296e+00
  -1.6702309e-02   7.2769644e-01   7.3440231e-01
   1.5388760e-01  -6.3239205e-01  -5.0168331e-01
  -1.1760831e-01   9.6412107e-01  -1.0733162e+00
  -5.9371683e-01   1.6391913e+00  -1.6407223e+00
   3.8587261e-01   8.7247603e-02  -6.5772026e-01
   4.1117810e-01  -4.5283411e-01  -3.4928225e-01
   2.0090268e-01  -6.1810312e-01   2.4518212e+00
  -4.3503014e-01  -1.5632654e-01   2.2769276e+00
  -4.6411749e-01   2.1316307e-01  -2.3253205e+00
  -1.9294745e-01   1.2520998e-01   3.7100438e-02
   2.1397917e-02   1.1840222e+00  -1.0129049e+00
   2.2350210e-01  -5.5516488e-01   4.5471380e-02
   3.6437723e-01  -1.6199594e+00   1.4205147e+00
  -3.0216434e-01   3.5901788e-01  -9.7786629e-01
   2.6262140e-02  -2.2619136e-01   1.2699863e+00
   1.2954123e+00   3.1176090e-01   9.2349882e-02
   2.9435909e-01   5.4101908e-01  -1.2000987e+00
  -3.6061653e-01   6.2971522e-01  -1.3224376e+00
   6.1034470e-01  -2.3434140e-01  -5.2335377e-01
  -7.7861079e-01  -3.9845004e-01  -1.1598608e-01
   8.1676890e-01  -2.4749381e-02  -6.0862718e-01
  -6.5392169e-02   4.8491221e-01  -1.4899530e+00
   3.1879973e-01   4.2496250e-01   9.9637939e-02
   2.7677990e-01   6.8669291e-01  -6.7829608e-01
  -4.1622038e-01   2.0121912e-01  -2.4601903e-02
  -3.0650510e-01  -3.3070188e-01   6.7411317e-01
  -1.2126319e-01  -9.2650295e-01   6.2893808e-01
   5.7968753e-02   5.8285786e-02  -1.1886177e+00
  -3.9052753e-02  -3.3762944e-01  -1.2613543e+00
   7.0426773e-01  -6.7590532e-01   1.6645618e+00
   6.5257662e-01   3.3784437e-01   1.8783679e+00
   8.8447194e-01   1.5795411e-01   1.6934247e+00
  -1.5091281e+00   3.7701443e-02  -1.2516791e+00
  -9.0425892e-02   5.3581639e-01   4.0456961e-01
   5.2167459e-01   7.9046641e-01  -2.4320927e+00
   7.9903493e-02   1.9425412e-01   1.4429724e+00
  -5.3878922e-01   1.4580317e+00  -1.1534941e+00
   9.7322301e-01   7.5777886e-01  -2.1468316e+00
  -4.1118720e-01   1.3198989e+00  -2.0836390e+00
   7.2024123e-01  -1.0920328e+00   1.2573011e+00
  -4.7306987e-01   1.8402064e-01   1.6654975e+00
  -1.5907967e-01   2.4983720e-01  -2.2162743e+00
   3.4964350e-01   9.5965857e-01  -6.9842250e-01
   1.2660531e-01  -5.4778499e-01   1.5487142e+00
  -6.2288550e-01  -2.6544466e-01   2.3849631e-02
   6.1175633e-02  -3.2269324e-01  -2.1043688e+00
  -7.9014723e-01  -3.4360640e-01  -1.9323891e-01
   8.2211002e-01  -4.1378794e-01   1.7680486e+00
   2.3330107e-01  -5.2637586e-01  -3.6639173e-01
  -6.1318727e-01  -5.3596133e-01  -1.6831300e+00
   4.4540919e-01  -6.7192380e-02   1.9844628e+00
  -5.4860994e-01  -2.4985847e-01   1.1389700e+00
  -3.8633386e-01  -6.0695084e-01  -1.7871069e+00
  -8.8828874e-03   1.6512090e-01  -2.2863700e-02
   3.5812727e-01   4.6384330e-01  -7.5746525e-01
  -7.7501031e-01   6.7650284e-01  -1.3187568e+00
   5.4331621e-01  -4.3837681e-01   2.0214512e+00
  -7.7752236e-01   1.1480936e+00  -9.5354701e-01
  -9.8899437e-02   2.5344686e-01  -1.1075368e+00
  -1.0267811e+00   1.0330882e+00  -1.7766576e+00
  -1.5622581e-01  -8.2761581e-02   1.5384563e+00
  -3.2840723e-01   1.3670073e-01  -5.4753367e-01
  -9.8679917e-01  -6.5343057e-01   8.4001224e-01
   8.4763665e-01  -3.3752709e-01   4.2044952e-02
   8.3239086e-01   3.9045737e-03   1.9598230e+00
   4.0563148e-01   4.6273046e-01   2.5133167e+00
  -7.1727145e-01  -7.4546570e-01   1.0369489e+00
  -2.9835466e-01   1.6246761e+00  -2.0327920e+00
   1.1082105e+00  -1.5198152e-01   7.2591042e-02
   1.5083939e-01  -6.0721400e-01   6.5300717e-02
  -1.4160084e+00  -1.8594201e-01  -5.6669295e-01
  -1.0756084e+00   8.1755409e-02  -7.1733506e-02
   3.7160709e-01  -3.8208453e-01   8.6668181e-02
  -4.7799566e-01  -6.0814496e-01  -3.0209661e-01
   9.4537631e-02  -1.0705452e-01   1.5785956e+00
   1.2963632e-01  -1.3878148e+00   1.0219835e+00
   3.9301772e-01  -1.4813189e-01  -6.2473033e-01
   8.1288260e-02  -8.7190437e-02   1.3117903e-01
   2.1746279e-01   4.3282927e-01   3.0285769e-01
  -5.0714966e-01  -5.0909347e-01   8.9153925e-01
   3.0875488e-01   1.1605903e+00  -2.1598041e+00
   8.6583014e-01   2.9590938e-01  -6.4577517e-01
  -3.3834269e-01  -3.5977093e-01   1.0839051e+00
   1.7192482e-01  -1.5939673e+00   1.9873077e+00
   5.5454755e-01  -5.0252015e-01   1.5963327e+00
  -1.9210126e-01  -6.8445061e-01  -1.1429972e+00
   1.2016380e-01   5.7825218e-01  -1.3142550e+00
   2.8863238e-01   2.0903275e-03   1.2239111e+00
  -2.0938356e-01   4.1247955e-01  -9.5917309e-02
  -2.9287845e-01  -2.6308131e-01   1.3323696e+00
  -1.2542575e+00   7.7063289e-01  -1.6824588e+00
   9.7737355e-02   1.7126148e-01   6.1142867e-01
  -3.2457632e-01   3.8882817e-01  -8.8911725e-01
  -4.3495502e-02  -2.1985005e-01  -1.8369864e+00
   2.7531576e-01  -1.3678733e+00   1.9119454e+00
  -9.3640111e-02   4.4512675e-01   8.3647691e-02
  -1.1082361e-01  -2.5763135e-01  -3.2098569e-01
   1.2588503e-01  -1.4071121e-01   1.3532402e-02
   1.1165093e-01  -1.2972272e+00   1.9466770e+00
  -4.2940378e-01  -4.1837342e-01  -1.9484621e+00
   7.0650780e-02   1.1718931e+00  -4.8884615e-01
  -8.5279734e-01   1.7265817e-01  -2.0254280e+00
  -5.3087042e-01   4.3330977e-02  -1.6942699e+00
   5.1498070e-01  -3.3531940e-01  -4.8263808e-01
   1.0922774e+00  -8.1768150e-02   5.7140219e-01
  -4.6418259e-01  -5.4503864e-01   5.5312446e-01
   1.0167976e+00  -1.1615200e+00   1.5422723e+00
   1.1214371e+00  -1.7537854e-01   3.1547551e-01
   6.7492120e-01   2.5802858e-03   5.8173800e-02
   6.4810929e-01   4.8868435e-01  -2.5050638e+00
   5.9854132e-01   2.7109719e-01  -1.5669407e+00
   7.0148352e-01  -7.3442333e-01   1.7557435e+00
   6.5619556e-02   1.1445999e+00  -5.8703596e-01
   6.2099250e-01   4.6671516e-01  -1.8760470e+00
   7.1693874e-01  -7.1478760e-01   5.3517821e-01
   6.7922020e-02   9.7989867e-01  -2.0690588e+00
   8.2744885e-01  -2.9705261e-01   8.4852382e-01
   6.1113731e-01   2.4594443e-01  -2.0277308e+00
  -4.0904741e-01   1.1993295e-01   1.0478287e+00
  -2.0069232e-03  -4.2138346e-01  -2.6112255e+00
  -7.0481704e-01   4.8411925e-01  -1.3115799e+00
   4.9614512e-01   9.5112615e-02   1.4823751e+00
   1.1144563e-01  -7.7539269e-02   2.3803135e+00
  -7.5219278e-01   1.6318916e+00  -1.7066875e+00
   1.4998334e-01   5.1787591e-01  -2.3494213e+00
  -6.2123468e-01   1.5915205e-02  -1.2322563e+00
   1.5424198e-01   9.0437132e-01  -1.4579240e+00
  -6.5786906e-01  -2.5880897e-01  -2.4022126e+00
  -6.9069546e-01   1.9265876e-01   1.0438361e+00
   8.1192131e-01  -6.4656892e-01   3.2792257e-01
   7.2174569e-01   2.6186814e-01   1.0501408e+00
   2.3253619e-01   1.5313174e-01  -2.0739067e+00
  -3.8858968e-01   6.0415410e-01  -9.8948912e-01
   6.4495794e-01  -2.3593028e-01   1.2633100e-02
   1.4428287e-01   9.3159655e-01  -1.3427413e+00
  -4.6794316e-01   7.0030009e-01  -5.5249020e-01
   4.2374983e-01   6.7192730e-01   7.9887401e-01
   2.3026658e-02  -7.7562991e-01   5.9241759e-01
   6.0495478e-01   6.5040167e-01   2.5925634e-01
   1.0182679e+00   1.2825741e-01   2.5165306e+00
   9.2800278e-02  -8.1682162e-01  -1.3334099e+00
   6.5658783e-01  -1.2419974e+00   2.1440188e+00
   4.0887825e-01  -1.3040512e+00   1.1737023e+00
   2.8606679e-01   1.1192447e+00  -2.2679857e+00
  -2.8424670e-01   7.6835655e-01  -1.7853677e+00
   1.6917975e-01  -1.0736683e+00   5.8550896e-01
  -4.1641530e-01   1.4187778e+00  -2.4621465e-01
   4.6233462e-01  -9.8115665e-01   1.9541367e+00
   1.5202739e+00  -3.1824801e-01   1.5858261e+00
   5.3185181e-01  -1.3987972e+00   2.0198745e+00
  -9.9944039e-02   1.3741505e+00  -1.4974857e+00
  -7.9369960e-01   1.1093698e+00  -8.7153228e-01
   1.0144450e+00  -6.6856624e-01   1.8131562e+00
  -1.5386965e-01   1.2369553e+00  -1.3769170e-01
  -5.3459727e-01  -8.3950708e-01  -1.3034594e-01
   4.1316260e-01  -2.7476202e-01  -1.5208760e+00
   5.0093379e-01  -5.8105606e-01   1.5294549e+00
  -6.5310441e-01   1.0857261e+00  -4.3572246e-01
   1.3425215e+00  -1.4582425e-01   1.7892531e+00
   1.1657989e+00  -1.7766189e-01   6.1731499e-01
   4.3974725e-01  -7.8971329e-01   2.3594135e-01
   2.4982482e-02   8.0280840e-01  -1.9918699e+00
   4.8013673e-01  -5.4743676e-01  -4.9999455e-01
  -4.6083083e-01  -1.7827285e-02   1.4119095e+00
  -2.9590461e-01  -6.5641797e-01  -6.3390676e-01
   3.2100462e-02  -1.3184048e+00   1.4884931e+00
  -5.0265822e-01   8.8634323e-03  -3.9014564e-01
  -6.0563031e-01   1.6451093e-01  -3.5934893e-01
   3.9774990e-01   8.0376439e-01  -1.6314425e+00
  -6.1083508e-02   1.7571533e-01  -2.3120124e+00
   5.5945745e-02   7.6082414e-01  -2.2360236e+00
  -7.6144471e-01  -3.7242691e-01  -3.8194359e-01
  -2.1027579e-01   1.1812139e+00   4.0272666e-01
  -6.2163718e-01  -1.4799143e-01  -7.3846269e-01
  -4.6005634e-01  -2.2489202e-01   8.5620854e-01
   1.1221142e+00   2.0819250e-01   9.2149600e-01
   5.5670346e-01  -6.7898624e-01  -6.6319717e-02
   2.8329460e-01  -3.8028006e-01  -1.5066591e+00
  -1.2833110e+00  -3.8980114e-01   4.4081757e-02
  -6.4702938e-01  -1.7984668e-01   3.9595577e-02
  -7.5839570e-01  -9.0378657e-02  -1.3822437e+00
   8.3061793e-01  -1.5802914e+00   1.7817681e+00
   1.7058644e-01   9.9822765e-03  -1.9515589e+00
  -5.5950397e-01   5.7107606e-01   8.3162694e-01
  -1.0262996e+00   7.3153676e-02  -7.1285515e-01
   1.2346153e+00  -8.3320208e-02   1.1325146e+00
   1.8828390e-01  -1.1614850e+00   1.3659181e+00
  -3.3984189e-01  -4.4268599e-01  -9.6653804e-01
   4.6926177e-02   1.1359094e-01   3.6493630e-01
  -8.4476938e-01  -1.1143490e-01  -2.1658519e+00
   7.1480055e-02  -5.8884662e-01   7.1709166e-01
  -2.9113836e-01  -2.3726333e-01  -1.6796013e+00
  -7.7912012e-01  -4.9825253e-01   1.9964064e+00
   8.2527430e-01  -1.2014640e-02   7.7770773e-01
  -5.5219562e-01   4.7603224e-01  -1.1868002e-01
  -4.5324275e-01   2.7312589e-01  -2.0494415e+00
  -2.7783655e-01   9.9170337e-01   5.5586002e-01
   9.7948859e-02   5.3180012e-01  -1.7044561e+00
  -3.1132544e-01   6.5352463e-03  -1.1915192e+00
  -1.8376611e-01   1.1548883e+00  -1.1239871e+00
  -5.5788460e-03   7.7574431e-01  -5.9407044e-01
  -9.1667574e-01  -1.8589289e-01  -9.7221689e-01
   3.3986087e-01   3.9170874e-01   1.8054302e+00
   9.3346057e-02  -7.1623500e-01   2.3234730e+00
  -5.8247382e-01   5.7350892e-01  -1.3713681e+00
   3.8507101e-01   4.8039261e-01  -3.3305275e-02
  -5.7949116e-01   1.4909168e+00  -1.1533581e+00
  -1.5687238e-01   7.3049727e-01  -1.1585639e-01
   3.4916127e-01  -7.2610023e-01  -1.6792630e-01
  -4.8463282e-01   8.8645142e-02  -9.4012366e-01
   1.1335951e-01  -9.4194937e-02  -2.2370737e+00
   3.4257306e-01   1.6484104e-01   2.1295635e+00
  -1.1345424e-01  -3.3413049e-01   7.5037786e-01
  -2.9724344e-03  -1.5062100e-01   4.0130486e-01
   8.9938393e-02  -7.1931096e-01   1.4212205e+00
   1.7614551e-01   4.9901916e-01   2.6875525e+00
  -1.1110750e+00   1.1430560e-01  -1.4360099e+00
  -6.3814146e-02   1.5916701e-01   1.5253539e+00
  -8.3041342e-01  -4.1840566e-01   1.7200059e+00
   6.4585759e-01   2.6604622e-01   8.2467780e-01
  -7.1091176e-01  -9.0987375e-01   2.4161495e+00
   4.9869863e-01  -2.5695003e-01   7.2483142e-01
  -7.9667300e-01  -3.6786828e-01   1.0392079e+00
   4.9699709e-01   7.2572541e-02   2.4809391e+00
  -4.3082034e-01  -2.2916309e-01   1.8749770e+00
   1.0275348e+00  -5.4119188e-01   7.1382676e-01
  -1.0412556e+00   7.2713550e-02  -2.2128358e+00
  -5.3267624e-01   7.9085339e-03  -6.6914941e-01
  -8.0167160e-02   7.5148918e-01   3.5215544e-01
   1.3295068e+00  -3.1119721e-01   1.5930899e+00
   1.1299095e+00  -8.1693434e-03   1.0985648e-01
  -1.0323901e-01  -1.0601615e+00   2.2607105e-01
   7.2390023e-01   7.9903760e-01  -7.8385782e-01
  -2.2631859e-01  -5.1635855e-01  -2.4715361e+00
   9.7451588e-01   7.3302617e-02   9.1153257e-01
   2.9740065e-01  -1.3541895e+00  -2.5133267e-01
   4.6413507e-01  -7.4164562e-02   1.6708005e+00
  -1.2527963e+00   1.2851413e-01  -1.9346798e+00
   6.3615793e-01  -1.3815425e+00   1.9268685e+00
   1.3516798e+00   1.6777606e-01   5.2324654e-01
  -6.0624147e-01   4.7358662e-01  -7.7388267e-01
  -1.7769216e-01  -8.7334435e-02  -2.1997160e+00
   3.5348397e-01   1.0883957e-01   3.4682409e-01
   3.5876644e-01  -1.3072832e+00   5.0748555e-01
  -1.3187894e-01  -4.1192165e-01  -1.1065949e+00
  -7.3912534e-01   5.6564188e-01  -7.2553343e-01
  -4.5152396e-01  -3.0257569e-01  -1.6368653e+00
   2.6566947e-01   5.8170834e-01   1.0438459e+00
   1.1057562e+00   3.9324476e-01  -7.3869358e-01
   4.3593240e-01   6.1310253e-01  -1.8018342e+00
  -7.7505550e-01  -7.3719020e-01   3.8612793e-01
  -6.1896291e-01   2.0440947e-01   9.1279169e-01
   6.5608737e-01  -7.0962161e-01   1.6101376e-01
  -9.7039713e-01   7.9325479e-01  -1.7765623e+00
  -2.4224872e-01  -2.8562661e-01  -1.3990256e-01
   6.3444462e-01  -4.9849248e-01  -5.4687268e-02
  -1.3100351e+00   9.4486398e-03  -1.5272641e+00
  -6.7714545e-01  -7.8817729e-01   1.3350716e+00
  -9.0777547e-02   1.2842704e+00  -1.9934159e+00
  -1.8386717e-01  -6.6989145e-02   2.6361331e-01
   2.1473774e-01  -3.1529480e-01   1.2575059e+00
   7.8435903e-01  -4.1609782e-01  -4.0173294e-01
  -1.9568996e-01  -6.3249248e-01   1.0479440e-01
  -9.2802750e-01  -4.2495653e-01  -1.2791174e+00
   4.9971755e-02   1.2622569e+00  -1.9100969e+00
  -3.2329338e-01  -7.4429770e-01  -2.0540123e-01
   7.0804403e-02   8.7961991e-01   7.7269120e-01
  -3.6455265e-01   9.2163180e-01  -3.5021316e-01
  -9.0342845e-01   1.1982334e+00  -2.0541858e+00
   6.2757891e-01  -2.3955155e-01  -1.2684834e+00
  -1.6440975e-01  -5.4798684e-01  -2.2002513e+00
  -6.6474072e-01   1.3146330e-01   1.2782334e+00
   7.6890785e-01   3.0458584e-01   1.7137931e-01
  -6.4118581e-01   5.6261142e-01   4.0053945e-01
  -6.9027315e-01  -2.7840865e-01   1.8910023e+00
   3.1200393e-01   6.1983806e-01  -7.9439187e-01
  -2.2714120e-02   1.9123694e-01  -1.7907681e+00
   6.5390200e-01  -8.9447056e-01   7.5690557e-01
  -7.2345962e-01   1.4433583e-01  -2.3213732e+00
  -4.7677700e-01  -7.8566193e-01   1.9499396e+00
  -4.6728899e-01  -3.3894699e-01   4.8442509e-01
  -1.9344598e-01  -3.0621354e-01   1.6295393e+00
   1.0160284e+00   2.0869267e-01  -9.8054505e-01
   2.0317342e-01   2.5090767e-01  -1.8365016e+00
   2.5713861e-01   8.7322084e-01  -1.6570934e+00
  -1.6708116e-01   1.7856225e-01  -3.3001991e-01
  -3.7979397e-01  -3.6596516e-03   1.3775418e-01
  -5.1732372e-01   1.2195370e+00  -1.7104483e+00
  -7.8850946e-01  -5.6164892e-01   6.4253548e-01
   1.8025706e-01  -3.3215521e-01   2.5119920e-01
   3.6322345e-01   7.7784969e-01   8.0758337e-02
  -5.0898132e-01  -4.3857809e-01   3.7052551e-01
   4.3831720e-01  -3.3855645e-02  -1.7479699e-01
  -2.4866532e-01   1.2292443e+00  -9.5331086e-01
   2.4082475e-01   4.5906001e-01   2.1991146e+00
   1.8096807e-01  -2.5627639e-01   1.0029136e+00
   9.7185432e-01   4.7965979e-01  -8.0580210e-02
   6.2405741e-01  -8.6266529e-01   8.2020862e-01
   6.3257061e-01  -2.5976598e-01   5.2283232e-01
   1.0203456e+00  -3.5532352e-01   3.0954344e-01
   4.9816628e-01  -1.9055517e-01   1.7930064e+00
  -2.9445426e-01   1.5346223e+00  -1.5263639e+00
  -6.6090175e-01  -6.2793840e-01   6.8885932e-01
  -4.9200980e-01   2.7425152e-01  -3.0429580e-01
  -9.9667369e-01   2.9108220e-01  -6.4527662e-01
  -6.4283512e-01   1.5467057e+00  -1.6985379e+00
   5.1991942e-01   4.0193229e-01   2.9869139e-01
   4.7453865e-01   5.3597024e-01  -2.2929141e+00
   3.1835575e-01  -4.6358077e-02  -1.4737534e+00
  -2.4520625e-01   5.4388768e-01   1.2465645e+00
   4.5737602e-01   2.5768129e-01  -6.6815257e-01
   6.7149804e-02  -9.3712932e-01   5.9543656e-01
  -7.9184349e-01   1.5468299e+00  -1.9372329e+00
   8.9442431e-01  -3.2570647e-01   6.9929599e-02
  -3.6343440e-02   1.6224508e-01   1.2395543e+00
   8.4296366e-01  -2.5404621e-01  -5.3562347e-01
  -6.5000221e-01   2.6936374e-01   4.1070977e-01
  -2.3169770e-01  -3.2760600e-01   2.5623917e+00
  -2.4052797e-01  -2.2445158e-01   1.1081254e+00
  -1.1435142e-01  -5.5674518e-01  -2.0811236e+00
  -7.7494280e-01  -3.2114914e-01  -1.2957101e+00
  -2.7161836e-01   4.1340455e-02   2.0808820e+00
  -3.0280180e-01   4.9891081e-02   1.9232293e+00
   8.2992065e-01  -2.6799202e-01   1.7232997e+00
  -1.4844191e+00   6.4976231e-02  -1.1549699e+00
   2.9282929e-01   2.2278579e-01  -2.4708759e+00
   9.6091466e-01   1.5700681e-01  -4.9401889e-01
   3.1571726e-01   1.4265483e-01  -6.9851393e-01
  -4.1132145e-01   2.4005448e-01   1.1966289e+00
  -1.7561058e-01   8.9475490e-01  -7.8500305e-01
  -2.4313245e-01  -1.0280294e+00   1.9596617e+00
   9.2581228e-02   2.0908671e-01  -1.9949517e+00
  -1.9522853e-01  -7.4322909e-01   6.0757213e-01
   2.4879414e-01  -7.3614803e-01   6.3906759e-01
  -7.6585856e-01  -6.9129801e-01   9.7650808e-01
  -3.4309832e-01   1.5202092e+00  -1.4575129e+00
   9.2291776e-01   5.1690709e-01  -1.5075876e+00
  -3.5412463e-01   1.7075176e+00  -2.0553067e+00
  -9.8856928e-02  -7.6248388e-02  -2.2925120e+00
  -1.5263939e-03  -2.3859028e-01   3.5146803e-01
   4.3410884e-01  -7.7720001e-01  -3.0316937e-01
   1.0373547e-01   8.2279322e-01  -9.0164736e-01
  -2.1432854e-02  -1.2125276e+00   3.5820311e-01
   2.3497057e-01  -1.1253385e+00  -6.8558944e-01
  -1.8440227e-01   9.4439395e-01   1.1874854e+00
   2.4059688e-01   7.8242635e-01   2.0344818e-01
  -1.2577539e+00   7.4190445e-02  -1.7710398e+00
  -1.9141657e-01  -9.8918666e-01  -5.7388520e-01
   8.9586340e-01   1.2298757e-02   2.3566165e+00
  -7.9435261e-01  -4.1738017e-02  -1.4920421e+00
   6.2341321e-01  -1.7021558e+00   1.9160165e+00
  -2.4100311e-02  -1.4666537e+00   2.2223189e+00
   8.8650162e-01  -1.6637224e-01   6.8275775e-01
   2.9599693e-01  -1.3995498e+00   2.1984411e+00
   5.2333882e-01  -5.7670220e-01   1.9810758e+00
   5.0545357e-02   1.3077631e-01   1.1529443e-01
  -1.4735764e-01  -4.3864953e-01  -2.0946513e+00
  -2.6003113e-01  -9.6946246e-02   7.1169920e-01
  -5.5328033e-01   1.3648186e+00  -7.8749665e-01
  -7.5720971e-01   5.1879700e-01   3.5831853e-02
   3.1429950e-01  -4.0041672e-01   1.2602290e+00
  -5.2675524e-01  -4.8608283e-01  -2.3956171e+00
  -6.2201097e-01   3.3657802e-01  -2.2295071e+00
   1.2330360e+00  -1.7561129e-01   2.0457128e+00
   1.0598166e-01   2.0148382e-01   2.3027892e+00
   1.0594036e+00  -1.0090128e+00   2.0922241e+00
  -1.2935062e+00   5.5397415e-01  -2.1811263e+00
  -5.6057803e-01   1.1776973e+00  -9.6796032e-01
  -3.9496324e-01   4.6841706e-02  -1.1055552e+00
  -1.2979810e+00   1.1025359e-01  -2.2264525e+00
   9.7657802e-01  -1.5713933e-01   1.6952810e+00
   3.7980135e-02  -6.9462130e-01  -4.5618662e-01
  -2.6001387e-01  -3.4109046e-01  -1.8163182e+00
  -2.8829493e-01  -4.3788457e-01   1.1585689e+00
   4.9509361e-01   6.3376032e-01  -2.2374792e+00
  -6.0871347e-01  -5.6516903e-01   2.3767615e+00
  -2.0169024e-01  -4.9706003e-01   2.4009458e+00
  -7.7641086e-01   5.8316984e-01  -4.9246687e-01
  -2.2978896e-01   1.1195759e+00  -2.0698869e+00
   2.0542613e-01  -2.2730893e-01  -1.1463390e-01
   9.4832394e-01  -7.4576068e-01   1.8445146e+00
  -5.5995877e-01   5.3167218e-01   7.2561006e-01
  -5.1214645e-01   1.9114987e-01   7.5978493e-01
   1.6046264e-02   7.7208677e-01   1.9694923e+00
   3.7746000e-01  -5.7415344e-01   8.6530647e-01
  -4.2887440e-01   4.4738597e-01  -2.0511192e+00
   1.1121563e-01  -7.4013631e-01  -1.9213112e+00
   7.3469849e-01   4.8780826e-01  -2.6716161e-01
   3.1887542e-02  -1.0423926e+00   1.6203036e+00
   3.9252830e-01   8.8344871e-01   9.7633991e-02
  -3.0727944e-01  -8.9470357e-01  -1.7083793e-01
  -6.9197670e-01  -1.3175302e-01  -2.3337880e+00
   2.5355942e-01  -6.3329097e-01  -7.9659700e-01
  -8.5988229e-02  -1.3446430e+00   1.4780593e+00
  -2.5966559e-01  -7.7649826e-02   5.4582707e-01
   1.2386173e-01  -3.8191881e-01   1.0996954e+00
   3.0290662e-01  -5.4093708e-01  -9.5299402e-01
   6.4215337e-01   2.3375241e-01  -1.3331851e+00
   7.9378570e-01   8.0000493e-01  -1.9201465e+00
  -6.4434444e-01  -5.3147701e-01   7.7143322e-01
  -1.4665728e+00   3.7884898e-01  -2.0076364e+00
  -6.9030041e-01  -7.9295302e-01   1.6359973e+00
  -1.5622976e-01   1.0342014e-01   2.5092690e+00
   6.9085867e-01  -1.0169814e+00   3.6091275e-01
   1.1400357e+00  -2.3695770e-01   1.2057288e+00
   2.2570573e-01   1.2721131e-01  -1.0501308e+00
  -9.4752323e-01   7.0742137e-01  -1.4517834e+00
  -4.4511428e-01  -3.4920280e-01   1.4432983e-01
  -8.7972567e-01  -5.7136928e-01   6.5404420e-01
   2.0812026e-01  -2.5298557e-01  -2.6115788e+00
  -5.8380288e-02   1.5027825e-01   1.9756311e+00
  -1.5943832e-01  -2.6213405e-01   2.4404432e-01
  -1.8648071e-01   6.2562146e-01   1.0758635e+00
   7.7626442e-01   1.4432924e-01   2.3785625e+00
  -1.7827136e-01  -1.0617909e+00  -1.3270104e-02
  -1.6072466e-02  -1.0945864e-01  -5.1370593e-01
   2.5271140e-01   8.7898895e-01   8.7234342e-01
   7.2062436e-01  -4.5422263e-01  -5.0787963e-01
  -6.4320933e-01  -4.7463131e-01  -5.0074144e-01
  -5.6679165e-01   6.4474202e-01   7.1358502e-01
  -8.0470185e-01  -1.1996295e-01  -2.0646817e-01
  -5.7202292e-01   3.1098984e-01  -5.4121397e-01
  -1.1002216e+00  -2.0974235e-01  -6.3510913e-02
   3.1473035e-01   4.7659738e-01   1.1985449e+00
  -2.9194886e-02   7.5514463e-01   1.4387971e+00
  -4.2386288e-01   1.5740811e-01  -2.3342281e+00
  -1.1768163e+00   6.6592712e-01  -1.9826770e+00
   1.3820234e-01   6.4111853e-01   1.3059710e+00
   8.9923873e-02   7.4395356e-01   8.7345085e-01
  -8.6287703e-01  -4.8357468e-01  -1.9576571e-01
   1.0324021e+00   1.1024227e-02  -4.0750583e-01
   6.4694518e-01  -1.2635861e+00   1.7888969e+00
  -2.5110715e-02  -8.3703306e-01   4.1115512e-01
  -5.0572748e-01  -1.2676044e-01  -2.2175500e+00
  -7.3136955e-01   1.5237967e+00  -1.9464756e+00
   2.3129657e-01  -1.1741886e+00   6.6802247e-01
   5.3109274e-02  -1.0801735e+00   1.9134023e+00
  -2.6209945e-01  -2.6779881e-01  -6.6002379e-01
   2.0541977e-01   2.8601879e-01  -2.1754490e-01
  -9.3439011e-01  -3.7213665e-01   7.5303768e-01
   6.7400727e-01  -3.8946313e-02  -1.5016802e+00
  -9.2972707e-02   2.7303679e-01   1.8454477e+00
  -2.8970466e-01  -5.0864159e-02   2.4495100e+00
  -9.9938805e-02  -7.9739229e-01   2.1308507e+00
   3.1869417e-01   1.7072991e-01  -1.6159785e-01
   5.1063860e-01  -7.4632448e-01   1.3642309e+00
  -1.9765367e-01   1.7622238e-01   2.2716105e+00
   2.9651015e-01   5.2919691e-01   9.8679717e-01
   6.4210725e-02   5.8249559e-01   2.5840299e+00
   3.3766878e-01  -1.0277386e+00   1.3700942e+00
  -3.6993448e-01  -3.8272970e-01  -1.5064817e+00
   2.8345107e-02   1.1754977e-01   7.8462783e-01
  -8.9306034e-01   6.0937055e-01  -3.3257359e-01
  -8.4490346e-01  -5.7393697e-01   6.5479655e-01
  -1.0518048e+00   9.8898636e-01  -1.3851233e+00
   2.0970085e-01   1.1749937e+00  -1.7040079e+00
  -1.0267470e+00   3.6235100e-01  -8.6780308e-01
   4.3045217e-01   6.1178534e-01  -1.2225050e+00
  -2.3424675e-01   8.7977817e-01  -1.0022693e+00
  -2.5366341e-01   5.7188228e-01  -2.2291051e+00
   5.6904615e-01  -1.4159419e+00   1.8919926e+00
   1.0952479e+00  -1.1932569e+00   1.9961782e+00
  -1.8574722e-01  -2.7588371e-01   6.2161898e-01
  -7.7289216e-01   2.7178759e-01   7.9956005e-01
  -3.8409630e-01  -9.9867117e-01   9.0940668e-01
  -4.2632624e-01   1.0197668e+00  -1.2219174e+00
   8.5742877e-01  -3.5517409e-01   2.1118177e-01
   3.5814034e-01  -8.2434918e-01  -1.5128945e-02
   1.3802361e+00  -8.0000817e-01   1.9787905e+00
   5.6510941e-01  -3.0431264e-01   1.2117186e+00
   8.6369725e-01  -8.7004109e-01   1.8865507e+00
   2.7870421e-01  -1.0523639e+00   1.5623057e+00
  -2.0715766e-01   9.7472643e-01   1.1382331e+00
  -4.1729418e-01   8.2784138e-01  -6.8601528e-02
   2.2029710e-01   1.3016586e-02   2.0340088e+00
   7.6328753e-01   8.1036258e-01  -2.1414028e+00
   5.6390726e-01   5.3894029e-01   1.0572708e+00
   5.8030551e-01  -1.5843697e+00   1.6519853e+00
  -1.0983760e+00   9.7845682e-02  -1.7539772e+00
  -2.4900320e-01  -1.0577774e+00   2.2339613e+00
  -1.9456087e-01   2.3164299e-01  -1.7387907e+00
   1.1031209e-01  -1.7719440e-01  -1.6519941e+00
   1.0782853e+00  -4.5168720e-01   2.1026871e+00
   6.3637681e-01   8.4998053e-02   6.0318409e-02
  -1.7121093e-01   8.8721615e-01  -2.0604289e+00
  -1.0575228e+00  -9.2303225e-02  -2.7372538e-01
  -4.8189663e-01   5.7639891e-01  -7.2226219e-01
  -1.2471347e-02   9.8311470e-01  -7.7291030e-02
  -1.1679746e+00  -4.2765256e-03  -9.9742956e-03
  -4.2053338e-01   1.7878578e-01  -1.2197282e+00
   7.6611327e-01   4.4225333e-01  -1.6075505e+00
   1.9109183e-01  -3.9791276e-01  -1.2520688e+00
  -4.1619811e-01  -5.0602984e-01   7.9367771e-01
   5.9051340e-01  -1.1365968e+00   5.4138470e-01
  -6.0570671e-01  -3.5120564e-01   1.0168823e+00
   5.6093585e-01  -1.2341350e+00   6.2940332e-01
  -1.1101989e-01   1.3389732e+00  -2.0425015e+00
   9.4993918e-01   4.7664524e-01  -1.1140002e+00
  -3.1957830e-01   1.3997962e+00  -1.0717502e+00
   3.1475956e-01  -3.6784676e-01  -3.1516507e-01
   7.0500795e-01  -1.1926464e+00   2.2054204e+00
   8.0376734e-01  -6.7729567e-02   6.6214813e-02
   5.1797872e-01   6.4090950e-01  -6.1189337e-01
  -6.7027574e-01   2.0199689e-01  -3.3192110e-01
  -3.9464598e-01  -6.6700530e-01  -1.6972319e-02
  -3.2712223e-01   1.8686177e-01   7.2681991e-01
   6.7409976e-01  -3.5287219e-01  -3.7018641e-01
  -5.0181881e-01   6.6947744e-01  -7.2805795e-01
   8.4018115e-02  -1.1730433e+00   1.4196787e-01
   3.1478629e-01   6.1200357e-01  -4.7663788e-01
   6.7096792e-01  -4.4770001e-01   1.5391552e+00
   2.8487212e-01   8.8221502e-01   1.5609346e-01
  -1.0093694e+00   6.1617513e-02  -2.3489324e+00
   5.0323433e-01  -3.8720324e-01   7.7615804e-01
  -7.9208790e-02  -6.1829036e-01  -2.3042605e+00
   9.3071875e-01  -3.9256240e-01   1.0102337e+00
  -2.4084998e-01  -3.9031268e-02   2.5205535e+00
  -5.3770333e-01   5.8023120e-01   2.1358428e-02
   5.4760944e-01  -1.6537363e-01   1.8490770e+00
   2.6573575e-01   4.4792234e-01   2.6166833e+00
  -1.6941946e-01  -5.9275250e-01  -2.9871295e-01
  -1.1689136e+00   1.5824082e-01  -3.2690084e-01
  -5.8569374e-01  -3.0931939e-01  -9.8908722e-01
   9.4778599e-01  -6.6021987e-01   2.0780686e+00
   7.3398923e-01   8.8495532e-01  -1.7283349e+00
   9.1029339e-01  -5.1624382e-01   6.0626225e-01
  -9.5485850e-01   1.2370326e-02  -2.0812045e+00
   3.0974585e-01   3.2854681e-01  -6.9649593e-01
   4.3652109e-01  -8.1633853e-01  -1.7443627e-01
   4.2165637e-01  -1.3845652e+00   2.9805726e-01
  -4.1103966e-03  -1.7194898e-02   1.2031496e+00
   6.0646755e-04   5.0219001e-01  -2.3703188e+00
   2.4265235e-01   2.7993635e-01  -8.2661779e-01
  -1.1142743e+00   5.7396904e-01  -1.2440435e+00
  -8.7207015e-02   1.2890770e-01  -1.1368487e+00
  -3.3873780e-01  -3.8534644e-01  -5.2818091e-01
  -7.3344206e-01   2.4901664e-01  -2.0354708e+00
   9.2765321e-01  -5.6295547e-01   1.7436445e-01
   5.3247780e-02  -1.0887752e+00   1.2788249e+00
  -5.1213908e-01  -5.2906110e-01   6.8805825e-01
  -5.3770421e-01   1.1135943e-01   6.8014899e-01
   6.0475420e-01  -7.7172867e-01   5.8387649e-01
  -4.8000268e-02  -7.1351171e-01  -2.0675807e+00
  -4.8101711e-01  -2.6702486e-01   1.5459728e+00
  -3.4725966e-01   4.6941128e-01  -1.2489921e+00
   5.1283585e-01   4.1391300e-01  -1.0200064e+00
  -1.0353273e+00   2.8411186e-01  -5.5199802e-01
   4.4268050e-01   1.3252540e-01   1.9362703e-01
   4.8592797e-01  -3.0458358e-01  -1.3536025e+00
   9.1348361e-01   2.1727692e-01   2.3841576e+00
  -2.6419927e-01   1.1549208e+00  -5.8283724e-01
  -8.8734529e-01   4.2046991e-01  -7.3808161e-01
  -9.9238941e-01  -2.3059336e-01   5.1126556e-01
   1.4298285e-01  -1.0145089e+00  -6.4441253e-01
  -5.8445471e-03   5.6753455e-01  -2.2647060e+00
  -7.4149491e-02   5.2122430e-01  -1.2336858e+00
  -3.1293881e-01  -2.0985845e-01   1.5399139e+00
   3.1493682e-02  -8.4216866e-01  -2.4075315e-01
  -1.4872997e+00   5.2286177e-01  -2.1156706e+00
  -6.7847894e-01   1.7686499e+00  -1.9207129e+00
   6.7490492e-01  -2.3438459e-01   8.3670806e-01
  -2.1815575e-01   1.3761795e+00  -2.1486131e+00
  -8.7837645e-02  -5.6115602e-01  -2.1427959e+00
   1.2838160e+00  -4.3049349e-01   1.0093658e+00
   6.0154864e-01   3.1786456e-01   8.9190975e-01
   1.8273142e-01   9.5016123e-01   6.2910610e-01
  -5.6353223e-01   1.2652650e+00  -1.9423310e+00
  -2.9982617e-01  -8.6467603e-01   2.2000056e+00
   3.7254976e-01  -6.3233752e-01   1.2416566e+00
  -3.9573113e-01  -8.3972141e-01   2.2737208e+00
   7.9907066e-01   3.9220183e-01  -1.3704408e+00
  -8.2173230e-01   1.0693222e+00  -8.4976403e-01
   3.8622777e-01   1.0871028e-01  -2.1777690e+00
   8.2618607e-02   1.3567282e-01   4.7022474e-01
  -5.0572956e-01  -1.0378019e+00   1.7590183e+00
   4.0403804e-01   1.5269145e-01   2.4833432e+00
   4.3894194e-01  -5.3746991e-01  -7.4033037e-01
  -6.5525769e-01  -3.9122277e-01  -1.8339439e+00
   2.8836549e-01   5.0872981e-01  -5.5523097e-01
   2.2276233e-02   3.0724910e-01   1.4380396e+00
   3.0407560e-01   7.3184184e-01  -1.9747777e+00
  -9.9381572e-01   2.7908581e-01  -8.4064466e-01
   1.1297255e-01  -1.1684152e+00   1.8949205e+00
  -4.1540950e-01  -3.3823727e-01   1.0922202e+00
   1.6020822e-01  -3.5267179e-01   1.5876800e+00
  -3.1296743e-01   9.8414488e-01  -1.1263309e+00
   2.6415666e-01   1.2272915e+00  -1.7565543e+00
   1.4955380e-01  -2.6809095e-03   1.4074525e+00
  -2.1164270e-01  -3.1268592e-01   2.2568873e+00
  -5.8107475e-01   1.1245401e+00  -1.9059157e-01
   7.5465081e-01   4.4109300e-01   1.7442035e-01
   2.3574087e-01  -3.8271529e-01  -1.7190030e+00
  -1.0796833e-01  -9.2046500e-01   1.7037228e-01
  -7.7699294e-02  -9.4491526e-01  -1.0991339e+00
  -5.7041549e-01   2.1421783e-01  -8.7632472e-01
  -1.3751800e-01   3.7524875e-01  -6.2766945e-01
  -5.2978284e-01   3.2220230e-01  -1.2992223e+00
   4.0987643e-01  -6.5521141e-01   1.5936492e+00
  -9.9142090e-02   1.7210453e-01  -2.1913314e-01
  -1.3115005e-01   5.6492575e-01   5.7074150e-01
   2.5491352e-01  -1.2786975e+00   1.4772756e+00
   4.6721515e-01  -1.1775603e-01   2.5524278e+00
  -2.7503029e-01   4.3684287e-01   5.6713881e-01
  -2.3202080e-01  -2.0459276e-01  -2.1861627e+00
   1.6481006e-01  -5.4309263e-01   5.4459501e-01
  -1.2144998e+00  -3.1523432e-01   1.5794925e-01
  -6.5459386e-01   9.7393983e-01  -1.3517188e+00
  -7.6639138e-01   7.6005068e-01  -1.3563282e+00
   5.8416490e-01   4.9247568e-01   1.4316549e+00
   2.4933625e-01   5.1750796e-01   6.9019475e-01
  -5.0209319e-02  -4.8934084e-01  -2.9755638e-01
  -9.4869321e-01   1.2286043e+00  -1.8442440e+00
   2.5362818e-01  -1.3843699e+00   8.9240460e-01
   6.5222074e-01   6.1562447e-01  -2.2540214e+00
   3.2411784e-01   2.7575728e-01   3.8769733e-01
   1.2913681e+00  -2.3531562e-01   6.9266338e-01
   8.1556814e-01  -4.3916989e-01   1.4666357e+00
   5.9639686e-01  -2.7961490e-01  -4.4766642e-01
   7.4811340e-01   5.5478103e-01  -1.7090127e+00
   1.2585262e+00  -6.7770508e-02   1.9204960e+00
   1.0308495e+00  -8.2491342e-01   1.7054644e+00
  -2.2038954e-01  -1.0731932e+00   9.7331950e-01
   6.3101381e-01   7.9510900e-01  -9.2274215e-01
  -3.3774873e-01   1.0267953e+00   4.1602528e-01
  -1.9198704e-01  -4.3993005e-01  -1.6662811e-01
  -1.3191365e-01  -5.1064423e-01  -1.9530436e-01
  -5.2781980e-01   1.0893106e+00  -8.9582576e-01
  -3.1850575e-01  -5.8856576e-01  -2.2607773e-01
  -8.3781779e-01  -2.3750055e-03  -2.1211041e+00
  -8.0427492e-01   2.4692600e-01   3.9227736e-01
   3.5563899e-01  -5.8056492e-01   1.0920805e+00
  -1.6217582e-01  -2.0321109e-01   9.1329890e-01
   8.3921033e-02  -3.8545520e-01  -4.6477781e-01
  -1.7753854e-01  -1.6211598e-01   2.4617404e+00
  -5.5038141e-01  -8.7053422e-01   1.1949561e+00
  -5.5307356e-01  -8.8401686e-01   1.3601523e+00
   7.1128584e-01   9.4630107e-01  -1.9069573e+00
  -8.9658416e-02   6.4832348e-01  -2.1343804e+00
  -2.7784724e-01  -6.2708434e-01  -6.8009369e-01
   7.2794436e-02  -5.8092411e-01   1.8602180e+00
   1.0595504e+00   6.8658707e-01  -1.3981978e+00
   7.3627407e-01  -1.5900117e-01   1.2431486e+00
  -9.1502163e-01  -3.0799663e-01   1.3385526e+00
  -9.3214421e-01  -3.6761379e-01   1.6477375e-01
   2.8653867e-01  -1.0849011e+00   1.5023710e+00
  -8.1894072e-01  -7.7372783e-01   1.4877222e+00
  -6.2116677e-01  -2.3931098e-01   1.9741895e+00
   6.3849843e-02   8.2993362e-01   1.1348304e+00
   1.0969340e+00  -4.9779834e-01   2.0357538e+00
  -4.9540035e-01  -7.8037741e-01   1.5732751e+00
  -3.0154487e-01  -7.8535195e-01   1.0121324e+00
  -1.9218412e-01   3.0361495e-01  -2.2049787e+00
   1.0101085e+00  -7.8841150e-02   9.6379697e-01
   2.6975614e-01  -1.4051025e+00   9.0653369e-01
  -5.7006427e-01   1.3852294e+00  -1.4624101e+00
   1.0259035e-01   2.1621093e-01  -2.6730928e-01
   7.7814387e-02   4.4834028e-01   2.2049761e-01
   6.7723091e-01  -8.6861480e-01   1.2194919e+00
   1.7749967e-01  -4.6738184e-01  -2.2563233e+00
   1.4714330e-01   6.2657966e-01  -2.2229721e+00
   9.3691016e-01  -6.4805807e-01   1.9590235e+00
  -5.9112327e-01   9.4994409e-01  -2.0571515e+00
   3.8472956e-01   6.7171156e-01  -1.6135077e+00
  -3.4619493e-01   2.2615360e-01  -2.2267321e+00
   4.6301670e-01  -1.6035856e+00   1.5965836e+00
  -4.6245194e-01   1.0405859e+00  -1.5615109e+00
  -6.2361876e-01   2.8071439e-01   9.8593044e-01
   3.7289541e-01  -7.7097217e-01   1.4329827e+00
  -8.2484226e-02   1.1762108e+00   6.0104151e-02
   8.8072965e-01  -2.9573538e-01   2.0354942e+00
  -3.9521085e-01   1.7003924e-01  -1.1964169e+00
   1.0210904e+00  -1.6038266e-01   4.9680106e-01
   1.0515356e+00  -1.0487545e+00   1.6853814e+00
  -2.1812548e-01  -6.5825278e-01  -1.8275281e+00
  -2.1699216e-01   1.0087009e+00  -1.4611732e+00
  -3.8000922e-01  -3.8890738e-01   1.1260136e+00
   5.2850457e-01  -6.3718434e-01   1.0906946e+00
  -1.1305678e+00  -1.4382431e-01  -1.6434930e+00
  -2.5909274e-01  -4.3804532e-01  -1.9961658e-02
  -9.4227621e-01   8.4221659e-01  -1.0689086e+00
   5.1888494e-01  -6.2654050e-02  -1.2280637e+00
  -7.9672199e-01   4.7540309e-01  -8.1480605e-01
  -6.4442580e-01   5.9382618e-01  -2.0254084e+00
  -4.0758203e-01   1.4624464e+00  -6.6851610e-01
   8.7412296e-01  -1.4681992e+00   1.7196851e+00
   2.7324977e-01   4.5444789e-01   1.6124978e-04
  -2.6369468e-01   7.3393169e-01  -1.3553550e+00
  -4.6899578e-01   1.5003829e+00  -5.5275284e-01
   2.2362975e-01  -8.2833757e-01   8.6034399e-01
   5.6968364e-01  -1.0295961e+00   2.2843217e+00
   6.7227992e-01   2.7105223e-02   4.1253485e-01
  -1.7510450e-01   6.0223363e-01   2.0275344e+00
  -1.7482958e-01   3.8947106e-01   8.5248553e-01
   3.9392505e-01   8.1170429e-01  -1.0951593e+00
   7.7825393e-01  -2.0890914e-02  -2.4200304e-02
   7.1156155e-01  -1.5335037e+00   1.8642568e+00
   1.1665158e+00  -1.2356260e+00   2.1546831e+00
   7.0016012e-01   4.5179797e-01  -1.1105611e+00
   4.7423084e-01  -1.2300445e+00   4.9455374e-01
  -5.6519234e-02   5.9757083e-01  -6.1830667e-01
  -1.6080664e-01   2.9598136e-01  -3.9011289e-01
  -6.7037813e-03   4.8888255e-01  -1.1964433e+00
   1.1043530e+00  -3.1309399e-01   1.3599479e+00
  -4.3545563e-02   7.9862833e-02  -1.1712411e+00
  -8.3143212e-02  -1.0835390e+00   1.0905376e-01
   4.6722640e-02  -6.5870857e-02   5.5998978e-01
   8.4674282e-01   7.2448650e-01  -9.7392262e-01
   6.0969737e-01  -8.8269696e-01   1.5444556e+00
   1.2914608e-01   8.9529673e-01  -6.6550741e-01
  -8.5369157e-02  -1.0690463e-01   1.4197179e+00
   6.7915125e-01  -7.4033319e-01  -3.0357785e-01
  -1.5685634e-01  -7.4773364e-02   2.0976586e+00
   1.2361086e-01   6.0422085e-01  -1.3470483e+00
  -1.5033878e+00   1.9804134e-01  -2.1862013e+00
  -8.9668206e-02  -2.7500974e-01   2.1398482e+00
   6.8967741e-02   8.3349624e-01   7.9567766e-01
   9.8357404e-02  -6.9095356e-01  -1.7600295e+00
  -6.8154749e-01   1.9919016e-01   2.4706941e-01
  -3.9718236e-01  -1.1780805e-01   2.4008220e+00
   2.5257537e-01  -2.2513102e-01  -1.5982652e+00
   1.0642549e+00  -9.1127852e-01   1.8134289e+00
  -7.1704921e-01  -9.6485565e-01   1.9722176e+00
   7.0828819e-01  -9.7959131e-01   2.2842196e+00
   4.9717015e-01  -2.0620697e-01   1.7549193e+00
  -6.0532937e-02   9.5182539e-01  -8.2276184e-01
  -6.4357733e-01   2.4037390e-01  -1.2661649e+00
   1.7829008e-02   7.3334599e-01   2.7370514e-01
  -9.9770865e-01   2.5788460e-01  -2.3461394e-01
   1.5532513e-01  -8.9905460e-02   8.8068666e-01
   1.1274819e+00   1.2871271e-01  -2.7011108e-02
   1.4440033e-01   1.1258626e-01  -2.2066819e+00
   1.4575880e+00  -2.0001019e-02   1.1814854e+00
  -1.2483820e-01   4.0293727e-01  -1.1393724e+00
   6.7822467e-01   7.0141155e-01  -2.2897283e+00
  -8.2345179e-01   6.2774306e-01  -1.5222461e+00
   2.4170926e-01   6.3011850e-01   1.6423669e+00
   9.1191079e-02  -1.0059102e+00   1.3945127e+00
   5.8035567e-03   2.9565484e-01   1.3201216e+00
   2.2069223e-01  -6.7353954e-01   5.6810673e-01
   7.5065994e-01  -2.1179336e-01   2.1810278e+00
   4.3356256e-01  -1.3031868e+00   1.6071864e+00
  -4.1529117e-01  -5.7678033e-01   4.9174134e-01
  -5.2855268e-01   1.8425330e-01   6.3817031e-01
   3.8642555e-01   4.2284637e-01   1.8575643e+00
  -6.7220055e-01   5.0529282e-01  -8.8687758e-01
  -8.1161705e-01  -3.7810230e-01   1.6888460e+00
  -6.7482472e-02  -6.6647391e-01  -2.0955831e+00
  -2.7446192e-01  -7.2200965e-01  -1.4678634e+00
   5.1291650e-01  -1.5283627e+00   8.4193816e-01
   3.0111112e-01   3.8140623e-01  -1.2767866e+00
  -1.1784261e+00   4.1787922e-01  -1.3280949e+00
   6.6344883e-01  -3.0897311e-01   1.5745425e+00
  -5.8188516e-01  -5.2375820e-01   2.2336477e+00
  -3.7817525e-01  -1.9309039e-02   9.5571642e-01
  -2.2227229e-01   1.3818793e-01  -1.0827026e+00
  -9.6152122e-01   5.3357830e-01  -1.7607131e+00
  -7.3653505e-01   6.3446879e-01  -2.6581952e-01
   1.2295977e+00  -1.6505624e-02   1.6800980e+00
  -7.5753165e-01   1.4496036e-02   4.0044835e-01
   4.6488478e-01   5.0189533e-01  -1.7635787e+00
   8.7506020e-02  -3.3560962e-01   1.0574212e+00
   5.0826499e-01   6.5137536e-01  -1.5299784e+00
  -2.9634790e-01   2.8358319e-01   1.0320317e+00
  -3.4121758e-01  -7.1978667e-01   1.3896789e+00
  -3.4955346e-01  -7.1493990e-01   1.3588333e+00
   6.7917003e-01  -4.7556035e-01   2.0465889e+00
  -1.4838236e-01   9.3186539e-01  -7.1260980e-01
   2.9065033e-01   5.7789095e-01  -3.7838722e-01
   6.4051479e-01  -6.7381775e-01   7.0735106e-02
  -1.0700316e+00  -2.2769071e-01  -2.1817019e-01
  -1.0694651e+00   1.0199605e+00  -1.5851900e+00
   3.3955592e-01   3.6803337e-01   1.3356264e-02
   1.4990233e-01   6.3911906e-01   2.5673251e+00
  -7.2867561e-01   1.1456717e+00  -1.1171266e+00
   8.6233102e-01   7.9476029e-02  -1.6112456e-02
   2.6101017e-01  -4.2045179e-01  -1.8488613e+00
  -9.9664394e-01  -5.2102906e-01   3.9805918e-01
  -6.7123759e-01   3.4481055e-01  -3.9193835e-02
  -8.8010601e-01  -6.7398189e-01   1.8292473e+00
  -3.6882721e-02  -3.4487420e-01  -3.7667831e-01
  -1.4612783e-01   1.0936233e+00  -1.7601287e+00
  -4.1499711e-01  -7.7697182e-01   2.4079044e+00
  -1.1048559e+00   6.6688215e-01  -1.6017874e+00
  -1.3123962e+00   1.4612389e-01  -2.2336611e+00
  -4.5600157e-01   9.5183632e-01  -1.8929493e+00
  -6.6164710e-01  -3.6061967e-01   1.8148839e-02
  -1.0492893e-01  -7.6411974e-01  -1.7490902e+00
  -9.2532893e-02  -4.2771930e-01  -6.5816094e-01
  -9.5989188e-03   4.7856578e-01  -1.1466462e+00
   2.6267097e-01  -6.8293196e-01   1.6722758e-01
   6.0620893e-01  -1.2065574e+00   1.9241113e+00
  -2.3520040e-01  -1.0889635e+00   5.5992744e-01
  -3.0169211e-01   5.4178360e-01   7.9384817e-01
  -4.4165097e-01  -1.3774985e-01   8.1089084e-01
   6.6971547e-01   7.6578079e-01  -4.4301937e-01
   5.7489571e-01   3.9813447e-01   9.1107729e-01
  -4.4558268e-01  -2.5025037e-01   1.5449444e+00
  -6.0283375e-01  -5.0004311e-01   1.4753892e+00
  -4.0745133e-01   1.4296571e+00  -1.8630759e+00
  -6.3036245e-02  -4.8768089e-01  -1.7563001e+00
  -5.8857259e-01  -9.1195913e-02  -2.0192917e+00
   2.3404574e-01  -2.2474853e-01  -1.3627364e+00
   1.7256772e-01  -6.8564100e-01   2.2286528e+00
   5.8582110e-01  -3.5328280e-02   1.4452675e+00
   1.5183985e-01   6.5700955e-01  -2.1029528e-01
   2.4908214e-01  -2.7244650e-01   1.2482520e+00
  -1.0378084e+00   8.7645930e-01  -1.9900713e+00
   2.7768841e-01   2.1867571e-01   2.0434847e+00
   6.6694863e-01   3.5345610e-01   1.8466015e+00
  -7.9369608e-01  -7.9524246e-01   2.5083662e+00
  -6.1773600e-01   9.9134873e-01  -3.7219938e-01
  -2.4926296e-01   1.0467786e+00  -1.8887404e+00
   1.4808912e-01   9.6561733e-01   3.3968553e-02
  -5.1948184e-01  -1.8281963e-01   4.0405238e-01
  -5.6640505e-01   5.7095482e-01   4.1284747e-01
  -2.1551307e-01  -5.7071892e-01  -1.6943634e+00
   6.7040574e-01  -4.7594156e-01   1.9791732e+00
   2.6642370e-01  -6.6586701e-01  -5.0078111e-01
   5.3237525e-01  -3.2525129e-01   2.0865039e+00
   2.4270327e-01   8.6584317e-01  -6.4534519e-01
  -8.7681286e-02  -2.4169920e-02  -5.7804301e-01
  -1.6339785e-01  -2.9499742e-01   1.8906624e+00
   2.7132288e-01  -7.9499500e-02   6.7533331e-02
  -9.2031702e-01   1.2287463e+00  -1.7995241e+00
   2.2648425e-01   6.9285650e-01  -1.9487296e+00
   7.9802241e-02  -4.8562442e-01  -1.2582439e+00
   2.3002745e-01  -1.1894934e+00   3.1207060e-01
   9.3426295e-01  -3.9847727e-01   1.1711207e+00
   1.4304573e+00  -4.1936654e-01   1.4589574e+00
  -7.3948426e-01   8.9254435e-01  -1.4296218e+00
  -1.8933008e-01  -1.7524048e-01   1.7376867e+00
   1.0947316e+00   1.4125281e-01   1.1204992e+00
   9.3819471e-01   3.1420117e-01   1.2707013e+00
  -3.6141434e-01   1.1864878e+00  -1.0596952e+00
   1.5531366e-01   1.0070475e+00  -1.0351052e+00
   3.3774430e-01  -1.3728760e-02  -1.8409197e-01
  -1.2256646e+00   3.0869807e-01  -1.4279837e+00
   2.6941863e-01  -6.9197644e-02  -1.4399435e+00
   1.1454538e-02   5.0096610e-01   1.4332932e+00
   1.2402570e-01  -1.9926163e-01   6.1604989e-01
  -2.1601901e-04  -9.3473851e-01   2.2793453e-01
  -7.3971915e-01   1.9773000e-01  -7.9206198e-01
   1.1458527e+00   1.9094292e-01   1.3841399e+00
  -4.5304203e-01   9.4024065e-01  -1.3156858e+00
  -5.9375796e-01  -5.1591719e-01   2.1530901e+00
  -2.3909525e-01   1.0597661e+00  -1.2510786e+00
  -3.1115283e-01  -4.4283961e-01   2.5708421e+00
   3.1218256e-01   4.5959226e-02   2.0022901e+00
   6.4388305e-02  -7.4918506e-01   8.1389288e-02
   6.5078759e-01   4.5797435e-01  -1.9368876e+00
   1.1634726e-01   1.2356185e+00  -1.1109738e+00
   1.7554357e-01  -1.0019146e+00  -1.1326573e+00
   8.0560019e-01  -3.8378550e-02  -1.1925105e-01
  -1.8843301e-01   8.2256575e-01   8.0831792e-01
  -3.7177434e-01  -3.5755381e-01  -6.5279199e-01
  -2.6094659e-01  -3.5557480e-01  -1.2888169e+00
  -2.1551930e-01  -7.1858849e-01  -8.3094629e-01
   1.3858628e+00  -4.0601237e-01   2.0951596e+00
   8.3574805e-01  -1.0094164e-01   7.6632022e-01
  -2.4768401e-01  -2.9402453e-03  -6.7134989e-01
  -3.1152397e-01   6.0777028e-01   1.4335058e+00
  -5.2023766e-01   5.1063594e-01   1.1417578e+00
   5.0650362e-01   4.2084809e-01   2.3726403e+00
   4.7905362e-01  -5.4239299e-01   1.6388553e-01
  -3.7261030e-01   2.7356434e-01  -1.1482922e+00
   5.2858790e-01   8.6996286e-01  -7.1950021e-01
  -7.7679845e-01  -1.2988084e-01   9.7027400e-01
  -9.2845734e-01  -5.3255005e-02  -1.3022042e+00
   8.2035070e-01   5.9126972e-01  -8.5201329e-01
   2.2970830e-01   1.1399619e+00  -1.3381298e+00
  -6.3042664e-01   1.7076272e-02   1.2633941e+00
   1.2131302e-01   7.7928865e-01  -9.9087843e-01
   3.7670912e-01  -4.5942083e-01  -1.0495752e+00
  -4.7211385e-01   6.1705393e-01   5.7348521e-01
  -1.0463976e+00   4.1134122e-01  -1.2500962e+00
  -1.4084559e-01   1.0359727e+00   5.7228643e-01
   5.3156739e-01  -1.1187744e+00   1.6658021e-01
   1.1966316e+00   2.3078213e-01   1.8874004e-01
  -8.1061317e-01   4.8577516e-01  -1.9074710e-01
   8.4339647e-01   1.1925854e-01  -1.3382522e+00
  -5.5004552e-01  -7.7695140e-01   2.4717237e+00
  -1.4006236e-01   1.5533986e+00  -2.1250513e+00
  -5.5771074e-01  -4.1861838e-02   9.4213350e-01
   4.6458618e-01   6.2492864e-01  -8.3097409e-01
  -8.9299543e-02  -3.2049882e-01  -8.3454704e-01
  -6.2684727e-01  -3.1047044e-01  -1.3988588e+00
   7.3415111e-02  -5.6409973e-02  -9.5598674e-01
  -1.8503868e-01   7.4828719e-01  -8.8199053e-01
  -3.2665723e-02  -5.7631733e-02   1.9453645e+00
  -1.6208633e-01  -7.4144289e-01   1.6422551e+00
   6.8697929e-01   5.4453750e-01   3.9642646e-01
   5.9363732e-01   6.4045697e-01  -4.7168410e-01
  -1.1824224e-01  -4.1452700e-01   1.8765361e+00
  -4.2955109e-01  -3.2002587e-01  -1.3085747e+00
   3.1814515e-02  -9.7445751e-01   1.1082332e+00
   3.2895938e-01  -5.7220462e-01  -7.4879918e-01
   7.6961892e-01   6.4584693e-01  -1.0844027e+00
  -1.5753081e-01   6.0428910e-01  -1.1151287e+00
   1.8275438e-01  -1.1035965e+00   1.2011897e+00
   1.3557123e+00  -6.1176615e-01   1.6044095e+00
  -2.6591314e-01  -9.4220116e-01   5.9023047e-01
   8.0153615e-02   1.2700536e-01  -2.0960388e+00
  -9.3725919e-01   4.6416925e-01  -1.8669492e+00
  -2.2174131e-01   5.9689567e-01  -1.4475507e+00
  -4.5648406e-01  -6.8190447e-01  -3.9118641e-01
  -4.1641908e-01   7.2337334e-01  -1.4921832e+00
   3.9235683e-01  -1.2466700e+00   1.4059352e+00
   3.0642601e-01   1.0753551e+00  -1.8351021e+00
  -9.1353323e-02   5.9546118e-01  -1.3183918e+00
  -4.2800298e-01  -5.4154084e-01  -2.4115419e+00
   2.7210169e-02  -9.9773130e-01   6.6364602e-01
   3.1224464e-02   1.3552926e+00  -1.5121737e+00
  -2.4136161e-01   7.4498663e-01  -1.2502975e+00
   3.7170546e-01   2.7171938e-01   2.2416107e+00
  -6.8645963e-01   1.6388310e-01  -1.3454076e+00
   2.3692141e-01  -1.5609950e+00   1.7807397e+00
  -8.7527062e-01   3.6463246e-01  -6.0267924e-01
   2.7314801e-01  -6.9660969e-01   2.3858324e+00
   1.2451111e-01  -1.0567920e+00   7.9934156e-01
