27.90793
19.82807
16.39026
14.64164
13.07660
11.91476
11.10138
10.51155
9.54077
9.32843
8.67354
27.04208
20.37104
16.77488
14.38973
13.12999
11.94730
11.17512
10.35770
9.63369
9.14174
8.89094
27.06060
19.79514
16.35814
14.59460
13.07268
11.81251
10.98279
10.15884
9.74864
9.24250
8.82324
27.23204
20.24431
16.32911
14.19817
13.07713
11.88866
10.97767
10.38490
9.73492
9.44625
8.71455
27.13800
20.14941
16.79513
14.65407
12.78304
11.85953
11.16899
10.57521
9.78862
9.24212
8.74140
28.63585
20.18125
16.77717
14.51888
13.18149
11.75841
10.91448
10.38017
9.60047
9.21680
8.95782
27.24801
20.24832
16.95226
14.77899
13.13401
11.83081
10.73609
10.24046
9.68710
9.26815
8.98069
6.89480
13.76897
20.54408
27.35396
34.02469
41.02882
48.35584
55.63219
62.07504
70.65357
2.43374
4.81209
7.22800
9.67654
12.01220
14.92337
17.09157
19.50203
21.68822
25.02126
2.46234
4.83149
7.31697
9.68385
12.34128
14.46615
17.15488
19.78997
22.44276
24.92880
2.41434
4.89300
7.46163
9.92409
12.44094
14.78133
17.56648
19.85568
22.55425
24.66792
28.11570
19.86697
17.07026
14.58206
12.69503
11.73254
10.96078
10.27539
9.84823
9.24816
8.67223
27.53385
19.95065
16.86231
14.66163
12.77422
11.90993
11.22098
10.55787
9.69234
9.25249
8.89835
6.89893
13.56899
21.49537
28.36139
34.65040
41.79368
48.16811
55.96919
61.54083
68.87906
15.78636
31.65312
47.32242
61.62208
76.24392
95.87277
109.26268
123.21330
142.94530
155.28048
19.42907
27.82967
55.44943
141.42590
62.13809
843.30263
229.42336
440.77123
912.59123
309.95319
15.83693
30.01537
46.46734
62.06924
76.89207
90.59045
107.34094
124.16047
140.55604
154.78622
129.52163
25.54661
50.99228
77.56921
102.75334
126.35471
149.82507
175.27598
24.86308
50.00079
75.89631
9.79847
19.10991
28.87889
40.42547
48.26035
60.07995
67.15063
78.11464
90.04605
100.61342
9.69376
19.24896
29.76159
38.39170
48.96765
58.84120
66.28606
79.53668
88.95846
101.18887
9.23827
18.21362
26.66180
35.35718
45.68050
54.34589
65.12268
73.15436
82.53258
92.82965
11.68921
21.37640
30.75399
41.29309
51.69426
60.76556
70.70201
81.80574
90.55738
95.33078
9.83229
18.85816
30.26355
38.76432
49.94112
56.68996
68.92758
78.20535
86.10230
101.68250
11.73008
23.31697
35.14344
46.33706
60.03910
70.54938
82.51371
96.98743
106.98219
122.78195
14.73046
29.50052
44.35166
58.34981
74.28237
89.00862
105.31844
118.90117
131.79792
146.62878
48.16637
98.38481
142.13893
191.37724
244.21483
279.24879
340.96568
379.81079
427.47253
484.76300
48.75293
97.29876
144.72141
183.45512
249.19519
301.71567
337.50851
386.93172
441.28977
482.97636
