15.45962
11.25774
9.15704
8.18975
7.37379
6.39656
6.02401
5.84441
5.35690
5.07461
4.90972
15.21902
11.06637
9.34925
8.27638
7.28860
6.63750
6.30247
5.65412
5.41828
4.93376
4.95526
15.07843
10.80082
8.92627
8.19574
7.10884
6.32880
6.22947
5.70097
5.27767
5.15096
4.92795
15.05918
11.54732
8.75402
8.02415
7.37252
6.64587
5.91347
5.74602
5.44681
5.24087
4.70517
15.27933
10.55307
9.30327
8.13615
7.05712
6.47549
6.24858
5.87189
5.43051
5.14254
4.90329
16.12819
10.94004
9.17733
8.05018
7.45698
6.52833
6.07018
5.81564
5.46516
5.18610
5.14760
14.97069
11.12366
9.30439
8.23621
7.23957
6.41099
5.94415
5.63634
5.42427
5.08374
4.96738
3.84717
7.47274
11.88722
14.97584
18.75683
23.10095
28.15392
29.85627
34.59750
39.30593
1.31969
2.62619
4.04449
5.32094
6.77798
8.26456
9.63825
11.02876
12.34498
14.77038
1.37663
2.71401
4.21536
5.31237
7.03222
8.01954
9.52067
11.63163
13.01430
14.31050
1.32439
2.71664
4.02227
5.52551
7.16087
8.50984
10.13482
11.53323
12.41745
14.35381
16.16676
10.90004
9.74802
8.68375
6.98755
6.47215
6.05696
5.71874
5.45865
5.18202
4.88526
15.06592
11.12206
9.33239
7.99085
6.97434
6.86167
6.05795
5.97650
5.45176
5.28908
5.08919
3.89082
7.59057
12.09978
16.21548
19.70364
23.21745
26.25963
31.07155
34.32242
39.82534
8.71105
17.63164
26.14279
35.29695
43.84514
55.83506
62.74372
70.56075
78.62436
88.19123
21.57628
15.47034
4.25084
107.07686
15.02768
923.71873
0.50909
71.74415
805.98261
240.91784
8.78651
16.76234
26.57165
36.06914
43.97540
50.44204
60.83498
72.94930
82.33459
89.79081
0.49095
15.18995
31.84873
44.55179
61.84627
73.23979
86.27370
104.56740
14.14694
28.70831
45.20662
5.48019
10.55341
16.62130
23.41027
27.34831
33.83479
37.16242
44.19988
51.32112
54.96077
5.47278
11.01827
16.67481
22.59725
26.17043
33.61574
36.20706
46.06840
48.54100
57.53195
5.19486
9.98586
15.29103
19.84619
25.53703
30.19913
37.79642
41.04880
45.55424
51.63476
6.58241
12.23516
17.42165
22.78910
29.19733
34.25381
38.99919
46.19160
51.88669
53.83151
5.53959
10.84631
16.68504
21.62055
28.93683
32.49974
39.75063
44.71784
49.15410
55.83673
6.33019
12.75922
19.01304
24.98309
33.35207
37.36771
42.77047
52.06763
57.44022
66.21362
7.57620
14.25719
22.80540
30.00686
38.18454
44.16320
54.29909
61.82137
66.22368
78.12361
17.04522
36.67991
51.55058
71.16117
91.09446
103.29328
124.22042
144.98389
164.50597
189.20757
17.28021
36.04808
53.01011
69.70082
91.36987
114.94696
126.42837
144.03671
170.22407
180.67901
