0.00866
0.00657
0.00544
0.00485
0.00452
0.00420
0.00371
0.00356
0.00339
0.00318
0.00304
0.00868
0.00663
0.00557
0.00490
0.00449
0.00407
0.00377
0.00358
0.00335
0.00326
0.00308
0.00854
0.00678
0.00558
0.00492
0.00442
0.00410
0.00382
0.00365
0.00338
0.00323
0.00306
0.00859
0.00667
0.00552
0.00488
0.00449
0.00416
0.00378
0.00352
0.00339
0.00323
0.00304
0.00866
0.00661
0.00562
0.00496
0.00442
0.00406
0.00385
0.00361
0.00343
0.00317
0.00310
0.00862
0.00670
0.00559
0.00494
0.00441
0.00403
0.00379
0.00361
0.00334
0.00331
0.00305
0.00867
0.00661
0.00566
0.00499
0.00441
0.00408
0.00368
0.00356
0.00337
0.00319
0.00308
0.00215
0.00436
0.00642
0.00861
0.01088
0.01290
0.01514
0.01740
0.01968
0.02191
0.00085
0.00170
0.00252
0.00339
0.00418
0.00513
0.00583
0.00670
0.00749
0.00849
0.00084
0.00171
0.00249
0.00339
0.00415
0.00507
0.00593
0.00668
0.00772
0.00838
0.00086
0.00171
0.00247
0.00340
0.00426
0.00505
0.00596
0.00680
0.00762
0.00843
0.00856
0.00665
0.00569
0.00486
0.00448
0.00403
0.00379
0.00349
0.00333
0.00324
0.00306
0.00858
0.00668
0.00561
0.00497
0.00438
0.00413
0.00376
0.00358
0.00343
0.00320
0.00301
0.00222
0.00438
0.00650
0.00875
0.01089
0.01294
0.01505
0.01734
0.01955
0.02158
0.00413
0.00841
0.01273
0.01647
0.02017
0.02551
0.02952
0.03391
0.03813
0.04139
0.01418
0.00323
0.01592
0.00888
0.02596
0.39576
0.06543
0.05560
0.19277
0.12678
0.00425
0.00822
0.01285
0.01672
0.02062
0.02417
0.02824
0.03296
0.03706
0.04246
0.03316
0.00653
0.01247
0.01850
0.02496
0.03063
0.03692
0.04403
0.00599
0.01256
0.01905
0.00289
0.00574
0.00877
0.01156
0.01411
0.01751
0.02037
0.02308
0.02626
0.02870
0.00289
0.00575
0.00870
0.01108
0.01415
0.01746
0.01995
0.02286
0.02600
0.02870
0.00277
0.00535
0.00817
0.01086
0.01368
0.01646
0.01897
0.02142
0.02452
0.02757
0.00347
0.00623
0.00909
0.01221
0.01542
0.01803
0.02051
0.02400
0.02695
0.02871
0.00291
0.00567
0.00878
0.01162
0.01483
0.01696
0.02062
0.02272
0.02584
0.02930
0.00246
0.00498
0.00761
0.00991
0.01274
0.01526
0.01749
0.02062
0.02268
0.02520
0.00231
0.00482
0.00700
0.00936
0.01183
0.01393
0.01605
0.01923
0.02107
0.02318
0.00238
0.00480
0.00718
0.00970
0.01188
0.01404
0.01684
0.01895
0.02174
0.02420
0.00239
0.00471
0.00703
0.00914
0.01215
0.01506
0.01675
0.01952
0.02169
0.02397
