0.03680
0.02554
0.02169
0.01914
0.01716
0.01598
0.01472
0.01381
0.01235
0.01234
0.01135
0.03494
0.02704
0.02194
0.01862
0.01704
0.01540
0.01450
0.01372
0.01267
0.01205
0.01160
0.03528
0.02578
0.02128
0.01924
0.01722
0.01555
0.01439
0.01320
0.01257
0.01190
0.01153
0.03570
0.02606
0.02139
0.01845
0.01704
0.01529
0.01446
0.01361
0.01269
0.01226
0.01170
0.03481
0.02682
0.02182
0.01917
0.01662
0.01552
0.01480
0.01405
0.01261
0.01201
0.01136
0.03707
0.02639
0.02221
0.01886
0.01688
0.01540
0.01428
0.01361
0.01249
0.01191
0.01184
0.03585
0.02668
0.02216
0.01932
0.01716
0.01578
0.01420
0.01344
0.01267
0.01200
0.01181
0.00909
0.01822
0.02631
0.03570
0.04465
0.05317
0.06293
0.07338
0.08105
0.09376
0.00319
0.00628
0.00953
0.01273
0.01573
0.01969
0.02228
0.02523
0.02816
0.03193
0.00322
0.00630
0.00952
0.01258
0.01612
0.01901
0.02213
0.02527
0.02933
0.03278
0.00317
0.00643
0.00992
0.01277
0.01604
0.01901
0.02254
0.02598
0.02971
0.03212
0.03602
0.02631
0.02208
0.01874
0.01693
0.01545
0.01432
0.01352
0.01291
0.01208
0.01126
0.03615
0.02591
0.02208
0.01917
0.01688
0.01537
0.01478
0.01351
0.01256
0.01188
0.01155
0.00888
0.01770
0.02840
0.03687
0.04540
0.05352
0.06396
0.07299
0.08006
0.08816
0.02050
0.04149
0.06251
0.07979
0.09766
0.12034
0.14106
0.16015
0.18709
0.20135
0.02390
0.04702
0.10122
0.14788
0.08603
0.98906
0.36996
0.65117
1.40451
0.48083
0.02085
0.03856
0.05971
0.08038
0.09895
0.11721
0.14192
0.15729
0.17891
0.19941
0.17940
0.03299
0.06480
0.10133
0.12978
0.16831
0.19322
0.22677
0.03267
0.06533
0.09677
0.01291
0.02501
0.03741
0.05249
0.06245
0.07766
0.08795
0.10098
0.11782
0.13267
0.01235
0.02486
0.03886
0.04859
0.06469
0.07679
0.08701
0.10311
0.11739
0.13071
0.01213
0.02371
0.03425
0.04615
0.06040
0.07029
0.08502
0.09702
0.10844
0.12079
0.01505
0.02754
0.03934
0.05441
0.06735
0.07877
0.09191
0.10585
0.11667
0.12567
0.01292
0.02463
0.03923
0.05060
0.06375
0.07254
0.08836
0.10263
0.11119
0.13445
0.01251
0.02488
0.03775
0.05013
0.06289
0.07533
0.08837
0.10341
0.11459
0.13184
0.01372
0.02756
0.04097
0.05385
0.06749
0.08241
0.09575
0.10934
0.12197
0.13409
0.02604
0.05273
0.07672
0.10290
0.13110
0.15069
0.18538
0.20542
0.23070
0.26223
0.02645
0.05218
0.07810
0.09821
0.13468
0.16354
0.18258
0.20966
0.23791
0.26210
