0.01459
0.01056
0.00897
0.00793
0.00718
0.00676
0.00625
0.00590
0.00529
0.00514
0.00482
0.01412
0.01114
0.00914
0.00781
0.00715
0.00653
0.00610
0.00574
0.00539
0.00516
0.00485
0.01412
0.01061
0.00884
0.00809
0.00716
0.00657
0.00605
0.00564
0.00533
0.00505
0.00490
0.01416
0.01083
0.00882
0.00777
0.00720
0.00643
0.00608
0.00580
0.00544
0.00518
0.00497
0.01407
0.01083
0.00909
0.00805
0.00707
0.00661
0.00626
0.00589
0.00534
0.00514
0.00475
0.01481
0.01076
0.00929
0.00790
0.00703
0.00649
0.00604
0.00586
0.00525
0.00507
0.00507
0.01421
0.01083
0.00909
0.00796
0.00703
0.00666
0.00600
0.00567
0.00532
0.00503
0.00499
0.00356
0.00718
0.01059
0.01395
0.01777
0.02126
0.02512
0.02954
0.03213
0.03713
0.00134
0.00266
0.00409
0.00540
0.00671
0.00842
0.00938
0.01070
0.01190
0.01355
0.00135
0.00269
0.00406
0.00534
0.00676
0.00810
0.00947
0.01063
0.01232
0.01386
0.00135
0.00271
0.00414
0.00529
0.00691
0.00793
0.00949
0.01107
0.01228
0.01369
0.01392
0.01052
0.00932
0.00784
0.00720
0.00658
0.00605
0.00575
0.00540
0.00509
0.00483
0.01434
0.01073
0.00913
0.00799
0.00708
0.00655
0.00625
0.00567
0.00537
0.00506
0.00494
0.00355
0.00703
0.01117
0.01456
0.01851
0.02121
0.02540
0.02874
0.03181
0.03508
0.00704
0.01422
0.02143
0.02887
0.03386
0.04033
0.05062
0.05415
0.06307
0.06744
0.02287
0.02070
0.03758
0.03443
0.03417
0.03737
0.14351
0.14711
0.12404
0.18173
0.00747
0.01362
0.02084
0.02774
0.03543
0.04122
0.04847
0.05600
0.06317
0.06975
0.05073
0.01043
0.02008
0.03050
0.03955
0.04971
0.05919
0.06899
0.01017
0.02041
0.03027
0.00483
0.00974
0.01445
0.01955
0.02366
0.02929
0.03295
0.03858
0.04463
0.04894
0.00474
0.00968
0.01477
0.01880
0.02435
0.02939
0.03315
0.03763
0.04349
0.04923
0.00462
0.00883
0.01349
0.01773
0.02208
0.02734
0.03277
0.03691
0.04134
0.04527
0.00581
0.01052
0.01495
0.02083
0.02513
0.02959
0.03390
0.04047
0.04480
0.04828
0.00488
0.00933
0.01476
0.01931
0.02413
0.02819
0.03354
0.03859
0.04230
0.04976
0.00436
0.00867
0.01334
0.01794
0.02202
0.02702
0.03118
0.03713
0.04035
0.04602
0.00422
0.00837
0.01263
0.01666
0.02057
0.02554
0.02954
0.03341
0.03755
0.04188
0.00326
0.00638
0.00958
0.01249
0.01615
0.01863
0.02231
0.02459
0.02893
0.03112
0.00321
0.00639
0.00921
0.01240
0.01675
0.01953
0.02234
0.02476
0.02885
0.03083
