0.00862
0.00655
0.00541
0.00482
0.00446
0.00417
0.00367
0.00352
0.00335
0.00315
0.00300
0.00863
0.00661
0.00552
0.00485
0.00445
0.00403
0.00371
0.00353
0.00331
0.00322
0.00306
0.00854
0.00673
0.00555
0.00487
0.00440
0.00406
0.00379
0.00362
0.00335
0.00320
0.00303
0.00858
0.00664
0.00549
0.00485
0.00445
0.00411
0.00375
0.00349
0.00337
0.00319
0.00302
0.00865
0.00656
0.00556
0.00489
0.00439
0.00402
0.00379
0.00359
0.00339
0.00314
0.00307
0.00864
0.00664
0.00554
0.00489
0.00437
0.00399
0.00373
0.00357
0.00330
0.00327
0.00301
0.00863
0.00659
0.00561
0.00496
0.00436
0.00405
0.00365
0.00355
0.00334
0.00316
0.00306
0.00215
0.00433
0.00639
0.00855
0.01077
0.01296
0.01514
0.01733
0.01957
0.02190
0.00084
0.00169
0.00250
0.00335
0.00411
0.00508
0.00576
0.00670
0.00741
0.00847
0.00083
0.00169
0.00245
0.00334
0.00411
0.00500
0.00587
0.00663
0.00766
0.00829
0.00085
0.00169
0.00246
0.00336
0.00421
0.00497
0.00590
0.00674
0.00753
0.00835
0.00855
0.00659
0.00566
0.00479
0.00445
0.00400
0.00375
0.00346
0.00330
0.00320
0.00305
0.00849
0.00664
0.00556
0.00495
0.00435
0.00407
0.00372
0.00354
0.00340
0.00317
0.00297
0.00222
0.00436
0.00649
0.00878
0.01088
0.01287
0.01506
0.01749
0.01960
0.02153
0.00419
0.00849
0.01300
0.01668
0.02044
0.02614
0.03013
0.03491
0.03878
0.04262
0.01452
0.00413
0.01391
0.01753
0.02331
0.92187
0.06415
0.06297
0.79300
0.13141
0.00428
0.00828
0.01295
0.01715
0.02100
0.02453
0.02889
0.03362
0.03794
0.04366
0.03350
0.00673
0.01306
0.01939
0.02639
0.03217
0.03867
0.04695
0.00621
0.01301
0.01981
0.00290
0.00575
0.00877
0.01163
0.01406
0.01745
0.02047
0.02311
0.02639
0.02924
0.00293
0.00572
0.00866
0.01116
0.01425
0.01758
0.02008
0.02306
0.02632
0.02894
0.00277
0.00535
0.00811
0.01075
0.01366
0.01636
0.01911
0.02146
0.02458
0.02766
0.00346
0.00628
0.00910
0.01235
0.01538
0.01815
0.02072
0.02411
0.02698
0.02882
0.00291
0.00567
0.00880
0.01163
0.01483
0.01704
0.02086
0.02286
0.02601
0.02960
0.00244
0.00498
0.00761
0.00991
0.01274
0.01520
0.01755
0.02053
0.02266
0.02536
0.00231
0.00480
0.00697
0.00929
0.01180
0.01387
0.01606
0.01920
0.02107
0.02321
0.00235
0.00471
0.00708
0.00959
0.01167
0.01375
0.01659
0.01886
0.02154
0.02417
0.00235
0.00464
0.00691
0.00905
0.01191
0.01481
0.01659
0.01929
0.02159
0.02394
