2.43040
2.42811
2.45900
2.46502
2.45888
2.47719
2.47978
2.47383
2.48206
2.48518
2.48161
2.41355
2.44089
2.44441
2.45630
2.46992
2.47601
2.47880
2.47565
2.48573
2.49057
2.48664
2.39622
2.42294
2.44165
2.46744
2.46310
2.47031
2.48402
2.47958
2.48110
2.48642
2.49084
2.41097
2.44103
2.45565
2.45996
2.47590
2.46332
2.48062
2.48286
2.47586
2.48865
2.48953
2.40834
2.43671
2.45506
2.45853
2.47141
2.48612
2.48771
2.47895
2.48049
2.48233
2.48194
2.43247
2.44317
2.44666
2.45870
2.47035
2.47307
2.47743
2.47927
2.48758
2.49171
2.48235
2.41734
2.44814
2.45338
2.46925
2.46656
2.47748
2.47679
2.47615
2.47908
2.47836
2.48266
0.60435
1.21406
1.81279
2.41133
3.00415
3.62858
4.23187
4.84942
5.45981
6.07963
0.61937
1.24185
1.86404
2.48174
3.11059
3.73186
4.35374
4.97845
5.60746
6.21664
0.62011
1.24587
1.85716
2.48739
3.10296
3.71738
4.35922
4.96517
5.61269
6.22530
0.62067
1.23998
1.86866
2.48192
3.10729
3.73055
4.35215
4.97388
5.58097
6.23374
2.42204
2.43693
2.45112
2.46523
2.46417
2.46999
2.47718
2.48449
2.48770
2.48353
2.48597
2.44481
2.42750
2.44620
2.46966
2.47521
2.47449
2.48143
2.48029
2.47706
2.47566
2.49035
0.60667
1.20457
1.82982
2.43701
3.03013
3.62152
4.26567
4.87796
5.44271
6.06723
0.64740
1.31136
2.01069
2.59696
3.24740
3.94792
4.60248
5.31346
6.06378
6.66152
0.39563
1.03036
1.73672
1.58978
1.60393
883.95949
9.97769
7.70507
43.52242
16.46476
0.66813
1.27714
1.97386
2.66273
3.24436
3.89700
4.62927
5.22559
5.84461
6.55428
8.27568
0.80330
1.63568
2.40353
3.48520
4.19792
5.05488
5.86059
0.78025
1.59381
2.45093
0.61419
1.21690
1.83612
2.45447
3.06804
3.63130
4.26893
4.85581
5.56016
6.18897
0.61018
1.22367
1.84106
2.42118
3.05785
3.68296
4.27809
4.91024
5.52502
6.13372
0.61607
1.21625
1.81777
2.42237
3.06522
3.63848
4.31603
4.91492
5.48590
6.12591
0.72789
1.34432
1.93683
2.56697
3.21992
3.79645
4.42010
5.07477
5.63005
6.23387
0.61091
1.20921
1.84332
2.47573
3.05850
3.64344
4.30443
4.90049
5.49451
6.14311
0.61289
1.23645
1.82721
2.42178
3.05434
3.66844
4.26582
4.89627
5.56906
6.16488
0.61278
1.23754
1.86710
2.45125
3.08339
3.69846
4.29790
4.99086
5.59157
6.19424
0.71564
1.44254
2.12693
2.91199
3.62742
4.32048
5.10064
5.85109
6.54616
7.44270
0.71953
1.43404
2.16923
2.83011
3.67302
4.46889
5.10916
5.84349
6.69185
7.49159
