2.15328
2.28330
2.35034
2.38297
2.39384
2.41970
2.43064
2.43066
2.44673
2.45063
2.45044
2.15982
2.29090
2.33944
2.37635
2.40323
2.42008
2.43066
2.43174
2.44816
2.45611
2.45594
2.13717
2.27955
2.33897
2.38561
2.39669
2.41554
2.43627
2.43922
2.44429
2.45311
2.46052
2.15225
2.29134
2.35605
2.37939
2.40955
2.40888
2.43304
2.44174
2.43787
2.45463
2.45709
2.15871
2.28602
2.35291
2.37882
2.41129
2.43256
2.43737
2.43534
2.44290
2.44879
2.45182
2.16583
2.28980
2.33948
2.37745
2.40549
2.41885
2.42981
2.43668
2.45130
2.45706
2.44963
2.16050
2.29545
2.34643
2.38751
2.40035
2.42122
2.43055
2.43416
2.44286
2.44503
2.45093
0.53618
1.08042
1.62347
2.15027
2.67137
3.23685
3.76775
4.30181
4.85978
5.37599
0.60995
1.22411
1.83751
2.44477
3.06392
3.67144
4.28363
4.89517
5.51367
6.10793
0.61081
1.22764
1.82920
2.44960
3.05439
3.65882
4.29169
4.88620
5.51220
6.11761
0.61170
1.22120
1.83906
2.44454
3.05800
3.67090
4.28095
4.89161
5.48440
6.12461
2.15197
2.28571
2.34504
2.38723
2.39988
2.41669
2.42939
2.44251
2.44794
2.44823
2.45516
2.17796
2.28049
2.33755
2.38497
2.41092
2.41910
2.43134
2.43935
2.43901
2.44265
2.45850
0.54239
1.07314
1.61541
2.16230
2.69331
3.20960
3.79317
4.35315
4.85517
5.42904
0.41577
0.83856
1.26133
1.67083
2.10634
2.49802
2.91956
3.33250
3.75604
4.18316
0.08748
0.26240
0.54663
0.31767
0.25187
0.54622
2.11177
0.79974
0.22205
0.15560
0.42321
0.84102
1.27252
1.68303
2.08845
2.51146
2.93429
3.32866
3.74796
4.13977
4.20729
0.34017
0.66968
1.01406
1.35157
1.66718
2.01976
2.35823
0.33752
0.68348
1.02732
0.49559
0.98773
1.49103
1.96595
2.45399
2.92342
3.45019
3.92048
4.42490
4.91927
0.49529
0.99011
1.48550
1.96143
2.46269
2.97010
3.47014
3.95534
4.44264
4.90051
0.50772
1.00490
1.51456
2.01025
2.52090
3.01376
3.53425
4.03905
4.54003
5.04417
0.58595
1.08462
1.57680
2.06152
2.57204
3.06727
3.57957
4.07405
4.52849
5.02505
0.48919
0.97204
1.48143
1.99571
2.45751
2.96528
3.48345
3.89473
4.45251
4.86824
0.49278
0.99476
1.47273
1.94532
2.44959
2.94224
3.43325
3.92325
4.45452
4.88232
0.48467
0.98184
1.48537
1.95554
2.44538
2.95647
3.38753
3.91305
4.43407
4.90577
0.49186
0.97938
1.45553
1.96528
2.44957
2.93611
3.39658
3.92376
4.39839
4.91379
0.48513
0.97892
1.46499
1.97044
2.44352
2.95834
3.42852
3.91006
4.37742
4.89995
