2.44109
2.44065
2.46438
2.47423
2.46313
2.48220
2.48495
2.47813
2.48684
2.48763
2.48384
2.42826
2.45161
2.45319
2.46561
2.47848
2.48117
2.48465
2.47912
2.48832
2.49373
2.48855
2.41234
2.43861
2.45046
2.47527
2.46878
2.47574
2.48875
2.48499
2.48539
2.49013
2.49363
2.43006
2.45578
2.46385
2.46620
2.48125
2.46921
2.48415
2.48737
2.47947
2.49265
2.49046
2.42824
2.44801
2.46863
2.46873
2.47858
2.49170
2.49052
2.48221
2.48362
2.48582
2.48449
2.45256
2.45561
2.45675
2.46714
2.47808
2.47821
2.48308
2.48231
2.49023
2.49411
2.48499
2.43377
2.45954
2.46250
2.47588
2.47327
2.48148
2.48156
2.48015
2.48172
2.48144
2.48519
0.60667
1.22154
1.83202
2.42891
3.02303
3.65373
4.24595
4.86949
5.47805
6.09628
0.62063
1.24467
1.86728
2.48477
3.11429
3.73491
4.35272
4.97711
5.60269
6.20944
0.62140
1.24832
1.85998
2.49126
3.10506
3.71887
4.36141
4.96504
5.60726
6.21831
0.62185
1.24136
1.87099
2.48627
3.11143
3.73240
4.35433
4.97115
5.57501
6.22376
2.44039
2.44604
2.46407
2.47482
2.47024
2.47389
2.48050
2.48777
2.49054
2.48558
2.48903
2.45818
2.44376
2.45815
2.47728
2.48105
2.48193
2.48627
2.48526
2.48093
2.48012
2.49323
0.61256
1.21160
1.83303
2.45268
3.04533
3.65144
4.28738
4.90136
5.47918
6.11188
0.65016
1.31233
1.98372
2.59891
3.23596
3.90179
4.60175
5.20572
5.94216
6.49160
0.44040
1.01663
1.60875
1.85732
1.86300
50.16763
10.21953
7.51644
37.73800
13.59164
0.66531
1.28781
1.96462
2.64326
3.22539
3.90483
4.54250
5.18445
5.81037
6.47281
8.28660
0.77586
1.53310
2.32392
3.09753
3.87840
4.59039
5.34696
0.76514
1.53789
2.34094
0.61718
1.23049
1.85493
2.46417
3.07283
3.66553
4.27516
4.88943
5.52720
6.17858
0.61934
1.23358
1.86117
2.45011
3.07596
3.68828
4.30474
4.91296
5.53457
6.15372
0.61869
1.22241
1.83726
2.43689
3.06533
3.67290
4.32059
4.94089
5.52232
6.14963
0.73525
1.35299
1.95329
2.58249
3.23461
3.82833
4.45330
5.11154
5.64629
6.23471
0.61390
1.20796
1.85983
2.48431
3.07142
3.66479
4.31217
4.91145
5.53910
6.14748
0.61414
1.24438
1.83411
2.43014
3.08466
3.68367
4.29271
4.94358
5.58109
6.17955
0.61540
1.24431
1.88151
2.47160
3.10445
3.72408
4.31895
4.99394
5.61262
6.19370
0.71266
1.42907
2.11644
2.87768
3.59843
4.26233
5.00131
5.71553
6.40060
7.24274
0.71433
1.43479
2.15211
2.81598
3.61391
4.41397
5.01903
5.74461
6.50946
7.26568
