2.95988
2.76332
2.70111
2.66968
2.62629
2.62409
2.60929
2.58832
2.57874
2.57790
2.55948
2.93252
2.79232
2.69945
2.65681
2.64023
2.62109
2.60620
2.58763
2.58311
2.58100
2.57155
2.91956
2.75454
2.68664
2.66921
2.63193
2.60970
2.60835
2.58995
2.58273
2.57658
2.57267
2.92917
2.78912
2.69562
2.65195
2.64532
2.60799
2.60545
2.59584
2.57503
2.58224
2.57160
2.93684
2.77893
2.71459
2.66807
2.63881
2.62803
2.61760
2.59612
2.58043
2.57194
2.56398
2.99445
2.78415
2.70820
2.65776
2.64136
2.61451
2.59989
2.58979
2.58555
2.57946
2.56783
2.93946
2.79394
2.71784
2.67570
2.63996
2.61758
2.59701
2.58540
2.57818
2.56904
2.56634
0.73626
1.47528
2.20027
2.93514
3.66971
4.44014
5.15743
5.92795
6.61147
7.42490
0.64517
1.29100
1.93854
2.58145
3.22932
3.88459
4.52151
5.17357
5.81302
6.46067
0.64562
1.29559
1.93393
2.58484
3.22874
3.86106
4.53069
5.15655
5.83546
6.47658
0.64622
1.29044
1.94570
2.58465
3.23676
3.87698
4.53052
5.17116
5.80780
6.46954
2.95679
2.77202
2.71751
2.66279
2.62982
2.60975
2.59918
2.59434
2.58943
2.57202
2.56679
2.97046
2.77119
2.70989
2.67554
2.63805
2.61726
2.61264
2.59559
2.57604
2.56810
2.57410
0.73696
1.46310
2.24441
2.96714
3.69854
4.43374
5.21178
5.96282
6.61779
7.39329
0.96689
1.94280
2.92310
3.84228
4.81226
5.73624
6.80492
7.55959
8.62209
9.37519
0.54399
2.34470
3.76604
5.78202
3.78197
2.68445
15.52150
21.48910
11.66624
17.51208
0.99402
1.88795
2.89124
3.93213
4.75298
5.74605
6.70004
7.68580
8.57609
9.47013
12.45466
1.20170
2.44485
3.68721
4.86521
5.91002
7.16250
8.26626
1.25149
2.42145
3.68987
0.81065
1.61985
2.43736
3.26989
4.03168
4.87383
5.56504
6.45442
7.39807
8.20725
0.81183
1.61492
2.46644
3.22455
4.07541
4.87879
5.64826
6.45702
7.31973
8.21369
0.80004
1.58506
2.36661
3.12782
3.93016
4.75674
5.63560
6.44055
7.22485
7.96812
0.96858
1.78478
2.56582
3.40175
4.25985
5.08179
5.82825
6.78254
7.49403
8.14720
0.80883
1.57708
2.47204
3.26151
4.05312
4.79519
5.67451
6.52186
7.25421
8.17576
0.85665
1.71602
2.55497
3.39977
4.29900
5.14868
6.01325
6.99698
7.77401
8.75380
0.91308
1.81869
2.76314
3.61804
4.54505
5.50991
6.45513
7.37882
8.22795
9.08574
1.17746
2.39229
3.50247
4.66496
6.03599
6.97366
8.15909
9.27195
10.42014
11.59054
1.17035
2.40711
3.54357
4.64410
6.05325
7.22658
8.23456
9.33906
10.69647
11.54767
