0.03128
0.02358
0.01876
0.01667
0.01525
0.01342
0.01272
0.01204
0.01158
0.01049
0.01018
0.03072
0.02262
0.01885
0.01698
0.01506
0.01405
0.01288
0.01186
0.01080
0.01062
0.01005
0.03084
0.02267
0.01864
0.01627
0.01459
0.01365
0.01259
0.01217
0.01108
0.01089
0.01018
0.03024
0.02349
0.01855
0.01641
0.01506
0.01341
0.01245
0.01196
0.01133
0.01073
0.00950
0.03227
0.02261
0.01936
0.01647
0.01483
0.01394
0.01266
0.01203
0.01104
0.01065
0.01038
0.03368
0.02288
0.01829
0.01626
0.01575
0.01342
0.01260
0.01189
0.01110
0.01068
0.01028
0.03016
0.02329
0.01966
0.01671
0.01475
0.01318
0.01238
0.01147
0.01081
0.01084
0.01010
0.00765
0.01523
0.02385
0.03188
0.03825
0.04853
0.05515
0.06090
0.07228
0.07665
0.00275
0.00557
0.00846
0.01113
0.01362
0.01672
0.01946
0.02211
0.02503
0.02794
0.00282
0.00558
0.00858
0.01123
0.01433
0.01634
0.02026
0.02270
0.02538
0.02836
0.00284
0.00557
0.00866
0.01178
0.01443
0.01715
0.01996
0.02230
0.02427
0.02779
0.03165
0.02256
0.01946
0.01713
0.01454
0.01330
0.01279
0.01172
0.01118
0.01043
0.01023
0.03024
0.02278
0.01918
0.01719
0.01474
0.01391
0.01326
0.01206
0.01133
0.01097
0.01001
0.00778
0.01528
0.02378
0.03143
0.03914
0.04881
0.05371
0.06351
0.07132
0.08013
0.01677
0.03371
0.04822
0.06512
0.08510
0.10056
0.11230
0.13033
0.14269
0.15426
0.00163
0.01045
0.03179
0.27770
0.05071
0.02291
0.08095
0.80748
0.09395
0.11287
0.01641
0.03266
0.04857
0.06718
0.08292
0.09354
0.11370
0.13514
0.14381
0.16479
0.12270
0.02390
0.05084
0.07803
0.10114
0.11899
0.14583
0.17002
0.02459
0.04958
0.07605
0.01064
0.02183
0.03236
0.04395
0.05599
0.06707
0.07096
0.08884
0.09874
0.11173
0.01094
0.02176
0.03355
0.04475
0.05495
0.06575
0.07475
0.08673
0.09358
0.11095
0.01012
0.02076
0.03088
0.03952
0.04945
0.06268
0.07115
0.08053
0.08938
0.09937
0.01312
0.02440
0.03543
0.04423
0.05857
0.06863
0.07683
0.09048
0.09980
0.10562
0.01100
0.02103
0.03283
0.04232
0.05637
0.06543
0.07603
0.08794
0.09871
0.11229
0.01139
0.02161
0.03255
0.04257
0.05828
0.06507
0.07950
0.09406
0.10248
0.11665
0.01206
0.02339
0.03693
0.04995
0.06026
0.07097
0.08554
0.10124
0.10680
0.11892
0.01861
0.04002
0.05598
0.07581
0.10001
0.11066
0.12936
0.14740
0.16412
0.18614
0.01825
0.04047
0.05783
0.07597
0.09815
0.11555
0.13299
0.14623
0.17709
0.18870
