0.02094
0.01585
0.01288
0.01173
0.01051
0.00993
0.00915
0.00857
0.00813
0.00774
0.00747
0.02052
0.01651
0.01339
0.01177
0.01111
0.00997
0.00910
0.00843
0.00805
0.00761
0.00727
0.02001
0.01589
0.01300
0.01152
0.01075
0.01005
0.00919
0.00838
0.00798
0.00773
0.00723
0.02029
0.01550
0.01331
0.01211
0.01052
0.00973
0.00890
0.00887
0.00811
0.00799
0.00742
0.02173
0.01627
0.01370
0.01211
0.01040
0.00979
0.00933
0.00834
0.00834
0.00789
0.00730
0.02159
0.01606
0.01377
0.01194
0.01050
0.00978
0.00907
0.00846
0.00797
0.00779
0.00723
0.02042
0.01641
0.01332
0.01215
0.01117
0.00984
0.00911
0.00835
0.00807
0.00769
0.00729
0.00524
0.01068
0.01555
0.02100
0.02592
0.03179
0.03638
0.04300
0.04727
0.05214
0.00203
0.00410
0.00598
0.00767
0.01000
0.01201
0.01441
0.01628
0.01853
0.02069
0.00202
0.00404
0.00601
0.00810
0.01005
0.01187
0.01408
0.01613
0.01813
0.02039
0.00207
0.00397
0.00601
0.00775
0.01014
0.01202
0.01453
0.01615
0.01878
0.02063
0.02127
0.01583
0.01339
0.01124
0.01062
0.00937
0.00913
0.00865
0.00850
0.00767
0.00749
0.02110
0.01612
0.01350
0.01171
0.01085
0.00994
0.00927
0.00847
0.00797
0.00776
0.00753
0.00526
0.01033
0.01563
0.02214
0.02628
0.03186
0.03677
0.04173
0.04612
0.05126
0.00990
0.01953
0.03104
0.03997
0.04801
0.06178
0.06930
0.07912
0.09106
0.10057
0.00964
0.00913
0.02373
0.05209
0.01310
0.74290
0.12756
0.08927
1.90683
0.08085
0.00980
0.01945
0.02924
0.04019
0.05005
0.05726
0.06806
0.07814
0.08757
0.09989
0.29081
0.01537
0.03073
0.04522
0.05900
0.07653
0.08739
0.10296
0.01458
0.02809
0.04382
0.00705
0.01385
0.02043
0.02794
0.03377
0.04173
0.04802
0.05753
0.06189
0.06934
0.00690
0.01391
0.02145
0.02806
0.03444
0.04100
0.04868
0.05436
0.06329
0.06876
0.00652
0.01287
0.01935
0.02620
0.03314
0.03975
0.04636
0.05320
0.05914
0.06803
0.00847
0.01505
0.02148
0.02969
0.03762
0.04291
0.05021
0.05743
0.06303
0.06799
0.00706
0.01326
0.02095
0.02723
0.03490
0.04046
0.04883
0.05706
0.06132
0.07187
0.00629
0.01262
0.01872
0.02552
0.03353
0.03680
0.04351
0.04906
0.05772
0.06517
0.00629
0.01258
0.01870
0.02442
0.03119
0.03814
0.04461
0.05104
0.05563
0.06140
0.00811
0.01634
0.02491
0.03330
0.04283
0.04838
0.05985
0.06800
0.07636
0.08454
0.00866
0.01700
0.02438
0.03301
0.04377
0.05164
0.06139
0.06807
0.07888
0.08554
