0.19897
0.13947
0.11620
0.10247
0.09186
0.08394
0.07763
0.07336
0.06628
0.06543
0.06030
0.19122
0.14438
0.11764
0.10039
0.09146
0.08301
0.07806
0.07278
0.06698
0.06355
0.06174
0.19183
0.13891
0.11461
0.10230
0.09204
0.08271
0.07656
0.07045
0.06758
0.06409
0.06160
0.19341
0.14198
0.11517
0.09905
0.09144
0.08250
0.07714
0.07264
0.06762
0.06555
0.06098
0.19151
0.14279
0.11781
0.10223
0.08878
0.08258
0.07814
0.07444
0.06803
0.06422
0.06082
0.20324
0.14210
0.11808
0.10102
0.09193
0.08205
0.07604
0.07233
0.06693
0.06389
0.06254
0.19338
0.14307
0.11938
0.10355
0.09193
0.08300
0.07515
0.07152
0.06742
0.06449
0.06245
0.04921
0.09838
0.14525
0.19451
0.24246
0.28972
0.34180
0.39712
0.44194
0.50779
0.01702
0.03343
0.05053
0.06753
0.08317
0.10431
0.11878
0.13507
0.15010
0.17200
0.01722
0.03348
0.05085
0.06749
0.08621
0.10052
0.11874
0.13658
0.15614
0.17386
0.01684
0.03413
0.05265
0.06908
0.08613
0.10268
0.12206
0.13788
0.15765
0.17081
0.19893
0.14071
0.11883
0.10148
0.08934
0.08192
0.07686
0.07157
0.06860
0.06446
0.06010
0.19645
0.13944
0.11852
0.10275
0.08940
0.08244
0.07879
0.07319
0.06735
0.06415
0.06157
0.04873
0.09641
0.15406
0.20204
0.24535
0.29646
0.34320
0.39921
0.43790
0.48803
0.11493
0.23164
0.34741
0.45125
0.55341
0.71180
0.80540
0.90487
1.07149
1.17706
0.12411
0.18570
0.45260
0.88927
0.51597
4.27136
1.83235
3.36322
5.04158
1.95162
0.11579
0.21946
0.33808
0.44936
0.56160
0.65619
0.78893
0.93251
1.03449
1.14695
0.95361
0.18703
0.37491
0.57884
0.77649
1.01888
1.18654
1.35534
0.18298
0.37148
0.56278
0.07058
0.13693
0.20636
0.28970
0.34742
0.43391
0.48384
0.56371
0.65606
0.72895
0.06920
0.13792
0.21461
0.27158
0.35600
0.42596
0.47610
0.56780
0.64352
0.72791
0.06666
0.13048
0.18963
0.25254
0.32933
0.39002
0.46888
0.52644
0.59147
0.67494
0.08359
0.15364
0.21936
0.29743
0.37198
0.43320
0.51023
0.58670
0.65059
0.69180
0.07074
0.13597
0.21762
0.27846
0.35821
0.40712
0.49517
0.55819
0.61076
0.73720
0.07082
0.14093
0.21210
0.28151
0.36074
0.42703
0.50308
0.58834
0.64735
0.74901
0.07699
0.15509
0.23122
0.30480
0.38583
0.46622
0.54769
0.61908
0.68910
0.76644
0.13651
0.27813
0.40311
0.54090
0.69076
0.78901
0.96835
1.07639
1.21714
1.37537
0.13779
0.27461
0.40999
0.51861
0.70737
0.85873
0.95994
1.09908
1.25878
1.37631
