0.09105
0.06551
0.05362
0.04666
0.04308
0.03647
0.03456
0.03371
0.03055
0.02917
0.02777
0.08892
0.06394
0.05336
0.04781
0.04199
0.03832
0.03661
0.03268
0.03090
0.02831
0.02811
0.08899
0.06183
0.05173
0.04654
0.04058
0.03604
0.03568
0.03271
0.02992
0.02938
0.02811
0.08825
0.06647
0.05082
0.04642
0.04259
0.03762
0.03374
0.03276
0.03082
0.02991
0.02685
0.09021
0.06148
0.05298
0.04611
0.04034
0.03697
0.03611
0.03422
0.03097
0.02959
0.02817
0.09440
0.06371
0.05300
0.04555
0.04242
0.03727
0.03478
0.03286
0.03141
0.02954
0.02942
0.08697
0.06484
0.05448
0.04702
0.04109
0.03689
0.03411
0.03161
0.03087
0.02917
0.02823
0.02287
0.04330
0.06896
0.08775
0.11093
0.13443
0.16484
0.17577
0.20165
0.23113
0.00756
0.01480
0.02333
0.03044
0.03882
0.04708
0.05554
0.06311
0.07004
0.08317
0.00789
0.01563
0.02425
0.03039
0.04063
0.04631
0.05401
0.06554
0.07391
0.08174
0.00762
0.01568
0.02329
0.03181
0.04028
0.04870
0.05749
0.06505
0.07014
0.08101
0.09306
0.06344
0.05583
0.04995
0.04027
0.03698
0.03484
0.03229
0.03095
0.03013
0.02787
0.08853
0.06406
0.05404
0.04670
0.04012
0.03902
0.03541
0.03380
0.03094
0.03014
0.02863
0.02241
0.04461
0.07204
0.09643
0.11597
0.13553
0.15498
0.18229
0.20057
0.23471
0.05214
0.10504
0.15851
0.21553
0.26437
0.33466
0.37939
0.42517
0.47643
0.52636
0.12537
0.07084
0.03045
0.59245
0.07478
5.01890
0.12678
0.51796
3.34308
1.30273
0.05313
0.10226
0.16072
0.21663
0.26578
0.29894
0.36893
0.44043
0.49611
0.53822
0.29599
0.09262
0.19652
0.27512
0.37345
0.44608
0.52584
0.63574
0.08630
0.17499
0.27556
0.03240
0.06263
0.09766
0.13810
0.16697
0.19996
0.22092
0.26532
0.31124
0.32640
0.03214
0.06568
0.09986
0.13217
0.15779
0.19937
0.21311
0.26950
0.28903
0.34082
0.03087
0.05881
0.08978
0.11705
0.15205
0.17700
0.22366
0.24131
0.26681
0.30767
0.03879
0.07323
0.10328
0.13551
0.17599
0.20124
0.23163
0.27282
0.30676
0.31828
0.03300
0.06569
0.09995
0.12929
0.17401
0.19092
0.23527
0.26433
0.28400
0.33231
0.03199
0.06403
0.09480
0.12667
0.16748
0.18517
0.21380
0.26019
0.28825
0.32987
0.03260
0.06211
0.09653
0.12986
0.16230
0.18878
0.23020
0.26482
0.28251
0.33467
0.03989
0.08464
0.11954
0.16598
0.20960
0.23569
0.28634
0.33472
0.38320
0.43556
0.04084
0.08229
0.12292
0.16135
0.21363
0.26778
0.29366
0.33340
0.38656
0.41321
