0.00116
0.00104
0.00119
0.00129
0.00138
0.00148
0.00157
0.00167
0.00200
0.00261
0.00338
0.00116
0.00108
0.00123
0.00149
0.00159
0.00169
0.00177
0.00184
0.00188
0.00206
0.00210
0.00107
0.00101
0.00122
0.00133
0.00134
0.00144
0.00164
0.00167
0.00180
0.00192
0.00200
0.00107
0.00102
0.00119
0.00125
0.00138
0.00155
0.00163
0.00167
0.00178
0.00187
0.00206
0.00144
0.00118
0.00134
0.00138
0.00152
0.00174
0.00185
0.00197
0.00206
0.00228
0.00218
0.00117
0.00107
0.00116
0.00125
0.00133
0.00144
0.00174
0.00182
0.00171
0.00186
0.00200
0.00116
0.00110
0.00121
0.00129
0.00135
0.00150
0.00156
0.00170
0.00177
0.00228
0.00243
0.00108
0.00091
0.00092
0.00104
0.00095
0.00090
0.00091
0.00091
0.00095
0.00094
0.00188
0.00171
0.00172
0.00171
0.00172
0.00173
0.00206
0.00170
0.00170
0.00171
0.00190
0.00171
0.00173
0.00178
0.00176
0.00177
0.00177
0.00176
0.00176
0.00176
0.00189
0.00171
0.00171
0.00170
0.00172
0.00172
0.00173
0.00172
0.00171
0.00171
0.00107
0.00098
0.00116
0.00129
0.00135
0.00145
0.00152
0.00163
0.00175
0.00200
0.00215
0.00107
0.00099
0.00117
0.00125
0.00135
0.00144
0.00153
0.00165
0.00174
0.00187
0.00200
0.00108
0.00091
0.00091
0.00093
0.00092
0.00091
0.00091
0.00092
0.00091
0.00090
0.00106
0.00089
0.00089
0.00090
0.00090
0.00089
0.00089
0.00089
0.00091
0.00092
0.15981
0.00088
0.00078
0.00097
0.00080
0.02881
0.01598
0.00573
0.00144
0.00078
0.00104
0.00082
0.00082
0.00083
0.00081
0.00098
0.00082
0.00082
0.00091
0.00088
0.17172
0.00105
0.00091
0.00089
0.00090
0.00089
0.00095
0.00095
0.00098
0.00081
0.00081
0.00103
0.00085
0.00085
0.00087
0.00086
0.00086
0.00085
0.00086
0.00085
0.00087
0.00110
0.00092
0.00093
0.00093
0.00093
0.00093
0.00093
0.00096
0.00093
0.00093
0.00111
0.00094
0.00094
0.00094
0.00095
0.00094
0.00094
0.00094
0.00096
0.00104
0.00110
0.00093
0.00099
0.00106
0.00106
0.00113
0.00122
0.00110
0.00099
0.00094
0.00115
0.00100
0.00117
0.00103
0.00103
0.00102
0.00106
0.00112
0.00113
0.00110
0.00108
0.00091
0.00091
0.00090
0.00090
0.00091
0.00091
0.00092
0.00092
0.00092
0.00138
0.00118
0.00118
0.00121
0.00116
0.00121
0.00119
0.00117
0.00114
0.00118
0.00138
0.00121
0.00127
0.00115
0.00112
0.00116
0.00117
0.00123
0.00119
0.00135
0.00085
0.00073
0.00070
0.00069
0.00071
0.00069
0.00087
0.00104
0.00099
0.00079
