0.00105
0.00106
0.00119
0.00124
0.00130
0.00134
0.00140
0.00146
0.00167
0.00199
0.00224
0.00105
0.00111
0.00122
0.00145
0.00152
0.00156
0.00168
0.00168
0.00168
0.00167
0.00174
0.00095
0.00101
0.00118
0.00128
0.00125
0.00131
0.00150
0.00146
0.00155
0.00156
0.00160
0.00100
0.00101
0.00115
0.00119
0.00132
0.00136
0.00143
0.00148
0.00156
0.00154
0.00161
0.00134
0.00122
0.00134
0.00131
0.00143
0.00164
0.00171
0.00175
0.00181
0.00188
0.00176
0.00102
0.00108
0.00113
0.00119
0.00124
0.00129
0.00151
0.00157
0.00145
0.00151
0.00154
0.00105
0.00110
0.00116
0.00121
0.00125
0.00137
0.00140
0.00151
0.00152
0.00181
0.00180
0.00096
0.00094
0.00095
0.00112
0.00099
0.00094
0.00094
0.00095
0.00097
0.00099
0.00147
0.00146
0.00147
0.00148
0.00148
0.00148
0.00168
0.00147
0.00146
0.00146
0.00147
0.00147
0.00147
0.00151
0.00150
0.00149
0.00149
0.00150
0.00150
0.00148
0.00146
0.00145
0.00145
0.00146
0.00145
0.00146
0.00147
0.00145
0.00145
0.00146
0.00094
0.00098
0.00113
0.00121
0.00126
0.00130
0.00136
0.00143
0.00149
0.00165
0.00172
0.00095
0.00099
0.00113
0.00119
0.00124
0.00130
0.00135
0.00143
0.00149
0.00154
0.00158
0.00097
0.00096
0.00095
0.00097
0.00095
0.00095
0.00095
0.00095
0.00095
0.00094
0.00098
0.00098
0.00097
0.00097
0.00097
0.00098
0.00097
0.00098
0.00098
0.00098
0.00852
0.00088
0.00083
0.00106
0.00087
0.00173
0.00089
0.00099
0.00276
0.00090
0.00089
0.00090
0.00090
0.00090
0.00088
0.00088
0.00089
0.00088
0.00099
0.00090
0.00900
0.00098
0.00100
0.00099
0.00100
0.00097
0.00102
0.00105
0.00088
0.00090
0.00089
0.00092
0.00092
0.00091
0.00093
0.00093
0.00091
0.00092
0.00091
0.00092
0.00091
0.00100
0.00099
0.00099
0.00101
0.00099
0.00099
0.00099
0.00102
0.00099
0.00100
0.00100
0.00100
0.00099
0.00100
0.00101
0.00100
0.00099
0.00100
0.00101
0.00106
0.00099
0.00100
0.00105
0.00116
0.00116
0.00115
0.00121
0.00115
0.00106
0.00099
0.00109
0.00107
0.00127
0.00111
0.00110
0.00108
0.00116
0.00118
0.00119
0.00118
0.00099
0.00100
0.00099
0.00098
0.00098
0.00097
0.00099
0.00100
0.00099
0.00099
0.00128
0.00131
0.00126
0.00131
0.00131
0.00132
0.00134
0.00128
0.00128
0.00127
0.00140
0.00132
0.00137
0.00131
0.00128
0.00128
0.00132
0.00137
0.00133
0.00140
0.00087
0.00082
0.00079
0.00078
0.00079
0.00078
0.00103
0.00121
0.00110
0.00083
