0.00059
0.00069
0.00098
0.00116
0.00134
0.00163
0.00187
0.00219
0.00284
0.00364
0.00465
0.00061
0.00073
0.00100
0.00134
0.00170
0.00191
0.00227
0.00247
0.00273
0.00302
0.00337
0.00057
0.00067
0.00098
0.00120
0.00134
0.00159
0.00212
0.00220
0.00262
0.00288
0.00328
0.00057
0.00067
0.00097
0.00113
0.00142
0.00166
0.00194
0.00230
0.00261
0.00283
0.00331
0.00075
0.00079
0.00114
0.00123
0.00157
0.00203
0.00235
0.00274
0.00312
0.00364
0.00365
0.00061
0.00072
0.00092
0.00121
0.00132
0.00172
0.00221
0.00260
0.00271
0.00311
0.00371
0.00061
0.00073
0.00094
0.00120
0.00142
0.00183
0.00200
0.00248
0.00269
0.00351
0.00400
0.00056
0.00053
0.00053
0.00060
0.00057
0.00053
0.00053
0.00053
0.00054
0.00055
0.00265
0.00260
0.00260
0.00260
0.00262
0.00267
0.00302
0.00278
0.00272
0.00274
0.00270
0.00273
0.00274
0.00279
0.00281
0.00275
0.00276
0.00276
0.00275
0.00278
0.00274
0.00277
0.00276
0.00277
0.00276
0.00277
0.00284
0.00279
0.00278
0.00279
0.00055
0.00066
0.00097
0.00115
0.00142
0.00168
0.00193
0.00232
0.00268
0.00325
0.00382
0.00056
0.00066
0.00097
0.00114
0.00140
0.00164
0.00195
0.00249
0.00279
0.00321
0.00368
0.00056
0.00053
0.00054
0.00054
0.00053
0.00053
0.00053
0.00053
0.00053
0.00053
0.00048
0.00045
0.00045
0.00045
0.00045
0.00045
0.00046
0.00045
0.00045
0.00046
0.02321
0.00790
0.00038
0.00042
0.00051
0.00040
0.00038
0.00040
0.00041
0.00037
0.00051
0.00041
0.00042
0.00042
0.00041
0.00041
0.00042
0.00041
0.00046
0.00042
0.02569
0.00043
0.00042
0.00040
0.00042
0.00041
0.00042
0.00043
0.00039
0.00037
0.00037
0.00049
0.00045
0.00046
0.00046
0.00046
0.00045
0.00045
0.00046
0.00045
0.00046
0.00052
0.00049
0.00050
0.00049
0.00050
0.00050
0.00050
0.00051
0.00050
0.00050
0.00054
0.00052
0.00050
0.00051
0.00052
0.00052
0.00052
0.00051
0.00052
0.00054
0.00053
0.00050
0.00053
0.00057
0.00058
0.00059
0.00062
0.00060
0.00054
0.00050
0.00055
0.00054
0.00060
0.00055
0.00055
0.00055
0.00056
0.00060
0.00060
0.00059
0.00052
0.00049
0.00049
0.00049
0.00049
0.00049
0.00049
0.00050
0.00050
0.00050
0.00068
0.00067
0.00065
0.00067
0.00069
0.00066
0.00067
0.00062
0.00062
0.00062
0.00069
0.00061
0.00064
0.00059
0.00057
0.00057
0.00063
0.00059
0.00062
0.00067
0.00034
0.00030
0.00029
0.00028
0.00029
0.00028
0.00035
0.00041
0.00037
0.00029
