0.00110
0.00108
0.00119
0.00126
0.00131
0.00136
0.00142
0.00148
0.00164
0.00208
0.00216
0.00109
0.00112
0.00123
0.00146
0.00149
0.00154
0.00167
0.00167
0.00164
0.00166
0.00172
0.00100
0.00103
0.00121
0.00131
0.00126
0.00132
0.00148
0.00148
0.00156
0.00160
0.00169
0.00103
0.00104
0.00117
0.00121
0.00130
0.00139
0.00145
0.00146
0.00157
0.00157
0.00164
0.00140
0.00125
0.00130
0.00134
0.00141
0.00163
0.00168
0.00174
0.00180
0.00182
0.00175
0.00109
0.00109
0.00115
0.00121
0.00126
0.00131
0.00154
0.00158
0.00147
0.00154
0.00159
0.00109
0.00113
0.00119
0.00123
0.00127
0.00137
0.00142
0.00152
0.00154
0.00188
0.00188
0.00101
0.00096
0.00097
0.00113
0.00102
0.00097
0.00096
0.00096
0.00100
0.00100
0.00153
0.00149
0.00148
0.00148
0.00148
0.00151
0.00168
0.00148
0.00148
0.00148
0.00152
0.00150
0.00150
0.00152
0.00154
0.00152
0.00150
0.00152
0.00152
0.00151
0.00152
0.00148
0.00147
0.00147
0.00148
0.00148
0.00149
0.00149
0.00147
0.00147
0.00099
0.00100
0.00116
0.00123
0.00127
0.00133
0.00138
0.00145
0.00151
0.00165
0.00175
0.00100
0.00101
0.00116
0.00121
0.00127
0.00132
0.00137
0.00146
0.00152
0.00157
0.00161
0.00100
0.00098
0.00097
0.00099
0.00098
0.00097
0.00097
0.00098
0.00097
0.00097
0.00104
0.00101
0.00100
0.00100
0.00100
0.00101
0.00100
0.00099
0.00100
0.00100
0.03587
0.00380
0.00080
0.00110
0.00090
0.00129
0.00112
0.00101
0.00103
0.00091
0.00096
0.00092
0.00092
0.00092
0.00090
0.00090
0.00091
0.00090
0.00101
0.00092
0.03771
0.00105
0.00104
0.00102
0.00102
0.00099
0.00105
0.00107
0.00095
0.00092
0.00091
0.00097
0.00094
0.00094
0.00095
0.00095
0.00093
0.00094
0.00094
0.00093
0.00094
0.00105
0.00101
0.00101
0.00101
0.00101
0.00102
0.00101
0.00103
0.00101
0.00102
0.00107
0.00103
0.00102
0.00102
0.00103
0.00102
0.00102
0.00102
0.00103
0.00107
0.00106
0.00102
0.00108
0.00119
0.00117
0.00121
0.00126
0.00119
0.00107
0.00102
0.00111
0.00109
0.00133
0.00112
0.00112
0.00111
0.00117
0.00121
0.00122
0.00119
0.00104
0.00101
0.00101
0.00100
0.00099
0.00100
0.00100
0.00102
0.00100
0.00101
0.00128
0.00126
0.00130
0.00130
0.00131
0.00129
0.00131
0.00132
0.00128
0.00125
0.00148
0.00133
0.00136
0.00134
0.00126
0.00125
0.00132
0.00134
0.00131
0.00146
0.00090
0.00085
0.00080
0.00080
0.00081
0.00080
0.00102
0.00113
0.00108
0.00082
